0.00 4658.647610
0.32 4657.412076
0.58 4656.181126
0.90 4654.954739
1.16 4653.732893
1.48 4652.515568
1.79 4651.302740
2.06 4650.094391
2.37 4648.890497
2.64 4647.691038
2.95 4646.495995
3.27 4645.305344
3.53 4644.119066
3.85 4642.937139
4.11 4641.759544
4.43 4640.586260
4.75 4639.417267
5.01 4638.252545
5.33 4637.092073
5.59 4635.935832
5.91 4634.783801
6.22 4633.635962
6.49 4632.492294
6.80 4631.352777
7.06 4630.217392
7.38 4629.086121
7.70 4627.958945
7.96 4626.835842
8.28 4625.716793
8.54 4624.601783
8.86 4623.490791
9.17 4622.383797
9.44 4621.280783
9.75 4620.181732
10.02 4619.086623
10.33 4617.995440
10.65 4616.908163
10.91 4615.824775
11.23 4614.745257
11.49 4613.669592
11.81 4612.597763
12.13 4611.529750
12.39 4610.465535
12.71 4609.405103
12.97 4608.348434
13.29 4607.295513
13.55 4606.246321
13.87 4605.200841
14.18 4604.159055
14.45 4603.120948
14.76 4602.086502
15.03 4601.055698
15.34 4600.028525
15.66 4599.004961
15.92 4597.984990
16.24 4596.968596
16.56 4595.955765
16.82 4594.946478
17.14 4593.940719
17.40 4592.938472
17.72 4591.939720
18.03 4590.944451
18.30 4589.952643
18.61 4588.964285
18.93 4587.979360
19.19 4586.997851
19.51 4586.019743
19.77 4585.045021
20.09 4584.073670
20.40 4583.105672
20.67 4582.141015
20.98 4581.179681
21.25 4580.221657
21.56 4579.266928
21.88 4578.315477
22.14 4577.367291
22.46 4576.422353
22.72 4575.480652
23.04 4574.542168
23.36 4573.606892
23.62 4572.674806
23.94 4571.745897
24.20 4570.820150
24.52 4569.897550
24.78 4568.978083
25.10 4568.061738
25.41 4567.148496
25.68 4566.238347
25.99 4565.331275
26.26 4564.427265
26.57 4563.526307
26.89 4562.628384
27.15 4561.733483
27.47 4560.841592
27.73 4559.952695
28.05 4559.066781
28.37 4558.183835
28.63 4557.303844
28.95 4556.426795
29.21 4555.552675
29.53 4554.681472
29.84 4553.813170
30.11 4552.947758
30.42 4552.085222
30.69 4551.225552
31.00 4550.368732
31.32 4549.514751
31.58 4548.663595
31.90 4547.815253
32.16 4546.969711
32.48 4546.126958
32.79 4545.286981
33.06 4544.449768
33.37 4543.615306
33.64 4542.783583
33.95 4541.954588
34.27 4541.128306
34.53 4540.304728
34.85 4539.483841
35.11 4538.665633
35.43 4537.850093
35.75 4537.037208
36.01 4536.226966
36.33 4535.419357
36.59 4534.614369
36.91 4533.811990
37.17 4533.012207
37.49 4532.215012
37.80 4531.420391
38.07 4530.628334
38.38 4529.838829
38.65 4529.051865
38.96 4528.267430
39.28 4527.485516
39.54 4526.706108
39.86 4525.929197
40.12 4525.154773
40.44 4524.382824
40.76 4523.613339
41.02 4522.846307
41.34 4522.081719
41.60 4521.319562
41.92 4520.559828
42.23 4519.802505
42.50 4519.047581
42.81 4518.295049
43.08 4517.544896
43.39 4516.797113
43.71 4516.051688
43.97 4515.308614
44.29 4514.567878
44.55 4513.829471
44.87 4513.093382
45.18 4512.359603
45.45 4511.628122
45.76 4510.898929
46.03 4510.172017
46.34 4509.447373
46.66 4508.724989
46.92 4508.004853
47.24 4507.286959
47.56 4506.571294
47.82 4505.857850
48.14 4505.146617
48.45 4504.437587
48.72 4503.730749
49.03 4503.026093
49.35 4502.323612
49.61 4501.623295
49.93 4500.925132
50.25 4500.229116
50.51 4499.535237
50.83 4498.843485
51.09 4498.153851
51.41 4497.466328
51.72 4496.780906
51.99 4496.097574
52.30 4495.416326
52.57 4494.737151
52.88 4494.060041
53.15 4493.384989
53.46 4492.711984
53.78 4492.041018
54.04 4491.372082
54.36 4490.705168
54.62 4490.040267
54.94 4489.377371
55.25 4488.716472
55.52 4488.057560
55.83 4487.400629
56.10 4486.745667
56.41 4486.092670
56.73 4485.441627
56.99 4484.792529
57.31 4484.145371
57.57 4483.500144
57.89 4482.856837
58.21 4482.215446
58.47 4481.575960
58.79 4480.938372
59.05 4480.302674
59.37 4479.668859
59.68 4479.036918
59.95 4478.406843
60.26 4477.778626
60.53 4477.152262
60.84 4476.527740
61.11 4475.905055
61.42 4475.284198
61.74 4474.665161
62.00 4474.047937
62.32 4473.432518
62.58 4472.818898
62.90 4472.207068
63.22 4471.597020
63.48 4470.988749
63.80 4470.382245
64.06 4469.777504
64.38 4469.174516
64.69 4468.573275
64.96 4467.973773
65.27 4467.376003
65.54 4466.779959
65.85 4466.185633
66.17 4465.593017
66.43 4465.002106
66.75 4464.412892
67.01 4463.825367
67.33 4463.239526
67.64 4462.655361
67.91 4462.072865
68.22 4461.492032
68.49 4460.912855
68.80 4460.335327
69.12 4459.759441
69.38 4459.185191
69.70 4458.612569
70.02 4458.041571
70.28 4457.472188
70.60 4456.904414
70.86 4456.338242
71.18 4455.773668
71.49 4455.210682
71.76 4454.649281
72.07 4454.089455
72.34 4453.531201
72.65 4452.974510
72.97 4452.419378
73.23 4451.865796
73.55 4451.313760
73.81 4450.763265
74.13 4450.214301
74.39 4449.666864
74.71 4449.120948
75.03 4448.576546
75.29 4448.033653
75.61 4447.492262
75.87 4446.952368
76.19 4446.413964
76.50 4445.877044
76.77 4445.341604
77.08 4444.807635
77.35 4444.275133
77.66 4443.744092
77.98 4443.214507
78.24 4442.686370
78.56 4442.159678
78.82 4441.634421
79.14 4441.110599
79.45 4440.588202
79.72 4440.067226
80.03 4439.547665
80.35 4439.029513
80.61 4438.512766
80.93 4437.997417
81.19 4437.483461
81.51 4436.970892
81.83 4436.459705
82.09 4435.949895
82.41 4435.441456
82.67 4434.934382
82.99 4434.428669
83.30 4433.924311
83.57 4433.421302
83.88 4432.919637
84.15 4432.419312
84.46 4431.920320
84.78 4431.422657
85.04 4430.926317
85.36 4430.431296
85.62 4429.937587
85.94 4429.445187
86.20 4428.954091
86.52 4428.464291
86.84 4427.975784
87.10 4427.488565
87.42 4427.002628
87.68 4426.517970
88.00 4426.034584
88.31 4425.552466
88.58 4425.071611
88.89 4424.592015
89.16 4424.113671
89.47 4423.636576
89.79 4423.160723
90.05 4422.686110
90.37 4422.212733
90.63 4421.740583
90.95 4421.269658
91.26 4420.799953
91.53 4420.331462
91.84 4419.864183
92.11 4419.398110
92.42 4418.933237
92.74 4418.469561
93.00 4418.007077
93.32 4417.545781
93.58 4417.085667
93.90 4416.626732
94.22 4416.168971
94.48 4415.712380
94.80 4415.256953
95.06 4414.802686
95.38 4414.349577
95.69 4413.897619
95.96 4413.446808
96.27 4412.997141
96.54 4412.548612
96.85 4412.101218
97.17 4411.654954
97.43 4411.209815
97.75 4410.765799
98.01 4410.322900
98.33 4409.881114
98.65 4409.440436
98.91 4409.000865
99.23 4408.562393
99.49 4408.125018
99.81 4407.688735
100.12 4407.253541
100.39 4406.819431
100.70 4406.386401
100.97 4405.954447
101.28 4405.523566
101.55 4405.093751
101.86 4404.665003
102.18 4404.237314
102.44 4403.810681
102.76 4403.385101
103.07 4402.960568
103.34 4402.537081
103.65 4402.114634
103.92 4401.693223
104.23 4401.272846
104.55 4400.853497
104.81 4400.435174
105.13 4400.017873
105.39 4399.601589
105.71 4399.186319
106.03 4398.772060
106.29 4398.358806
106.61 4397.946556
106.87 4397.535304
107.19 4397.125049
107.50 4396.715785
107.77 4396.307508
108.08 4395.900217
108.35 4395.493906
108.66 4395.088574
108.98 4394.684214
109.24 4394.280825
109.56 4393.878402
109.82 4393.476944
110.14 4393.076443
110.46 4392.676900
110.72 4392.278308
111.04 4391.880667
111.30 4391.483970
111.62 4391.088217
111.93 4390.693401
112.20 4390.299522
112.51 4389.906575
112.78 4389.514555
113.09 4389.123462
113.41 4388.733291
113.67 4388.344038
113.99 4387.955702
114.25 4387.568277
114.57 4387.181760
114.88 4386.796150
115.15 4386.411443
115.46 4386.027633
115.73 4385.644719
116.04 4385.262698
116.31 4384.881568
116.62 4384.501322
116.94 4384.121960
117.20 4383.743478
117.52 4383.365873
117.78 4382.989142
118.10 4382.613281
118.42 4382.238287
118.68 4381.864159
119.00 4381.490890
119.26 4381.118481
119.58 4380.746928
119.89 4380.376226
120.16 4380.006373
120.47 4379.637367
120.74 4379.269203
121.05 4378.901879
121.37 4378.535394
121.63 4378.169743
121.95 4377.804922
122.21 4377.440931
122.53 4377.077765
122.85 4376.715421
123.11 4376.353897
123.43 4375.993190
123.69 4375.633298
124.01 4375.274216
124.32 4374.915942
124.59 4374.558475
124.90 4374.201809
125.22 4373.845945
125.48 4373.490877
125.80 4373.136603
126.12 4372.783120
126.38 4372.430428
126.70 4372.078520
127.01 4371.727397
127.28 4371.377053
127.59 4371.027488
127.91 4370.678698
128.17 4370.330681
128.49 4369.983434
128.80 4369.636954
129.12 4369.291238
129.38 4368.946285
129.70 4368.602092
129.96 4368.258654
130.28 4367.915971
130.60 4367.574040
130.86 4367.232857
131.18 4366.892422
131.44 4366.552730
131.76 4366.213779
132.07 4365.875567
132.34 4365.538091
132.65 4365.201350
132.92 4364.865339
133.23 4364.530057
133.55 4364.195502
133.81 4363.861671
134.13 4363.528561
134.39 4363.196170
134.71 4362.864495
135.03 4362.533535
135.29 4362.203286
135.61 4361.873746
135.87 4361.544913
136.19 4361.216785
136.50 4360.889360
136.77 4360.562634
137.08 4360.236605
137.35 4359.911271
137.66 4359.586631
137.98 4359.262679
138.24 4358.939417
138.56 4358.616840
138.82 4358.294948
139.14 4357.973737
139.40 4357.653203
139.72 4357.333347
140.03 4357.014164
140.30 4356.695656
140.61 4356.377815
140.93 4356.060644
141.19 4355.744137
141.51 4355.428295
141.77 4355.113112
142.09 4354.798590
142.41 4354.484723
142.67 4354.171512
142.99 4353.858953
143.25 4353.547044
143.57 4353.235782
143.88 4352.925167
144.15 4352.615196
144.46 4352.305867
144.73 4351.997177
145.04 4351.689124
145.36 4351.381708
145.62 4351.074924
145.94 4350.768772
146.26 4350.463249
146.52 4350.158354
146.84 4349.854083
147.15 4349.550435
147.42 4349.247410
147.73 4348.945002
148.05 4348.643211
148.36 4348.342036
148.63 4348.041475
148.94 4347.741523
149.26 4347.442181
149.52 4347.143445
149.84 4346.845315
150.16 4346.547789
150.42 4346.250863
150.74 4345.954536
151.05 4345.658808
151.32 4345.363675
151.63 4345.069135
151.95 4344.775186
152.21 4344.481828
152.53 4344.189057
152.85 4343.896873
153.11 4343.605272
153.43 4343.314253
153.74 4343.023816
154.01 4342.733955
154.32 4342.444673
154.64 4342.155965
154.90 4341.867830
155.22 4341.580266
155.53 4341.293272
155.80 4341.006844
156.11 4340.720983
156.43 4340.435686
156.69 4340.150950
157.01 4339.866776
157.33 4339.583160
157.59 4339.300101
157.91 4339.017596
158.22 4338.735646
158.49 4338.454246
158.80 4338.173398
159.12 4337.893096
159.44 4337.613342
159.70 4337.334131
160.02 4337.055466
160.33 4336.777339
160.60 4336.499754
160.91 4336.222706
161.23 4335.946195
161.49 4335.670217
161.81 4335.394773
162.13 4335.119860
162.39 4334.845477
162.71 4334.571622
163.02 4334.298294
163.29 4334.025489
163.60 4333.753208
163.92 4333.481448
164.18 4333.210209
164.50 4332.939488
164.81 4332.669283
165.08 4332.399592
165.39 4332.130417
165.71 4331.861752
165.97 4331.593599
166.29 4331.325953
166.61 4331.058815
166.87 4330.792184
167.19 4330.526055
167.50 4330.260430
167.77 4329.995306
168.08 4329.730681
168.40 4329.466553
168.66 4329.202922
168.98 4328.939786
169.30 4328.677145
169.61 4328.414995
169.88 4328.153335
170.19 4327.892163
170.46 4327.631481
170.77 4327.371283
171.09 4327.111569
171.40 4326.852341
171.67 4326.593592
171.98 4326.335325
172.30 4326.077535
172.56 4325.820224
172.88 4325.563387
173.20 4325.307026
173.46 4325.051137
173.78 4324.795719
174.09 4324.540773
174.36 4324.286295
174.67 4324.032284
174.99 4323.778740
175.25 4323.525659
175.57 4323.273042
175.89 4323.020886
176.20 4322.769193
176.47 4322.517957
176.78 4322.267179
177.10 4322.016857
177.36 4321.766990
177.68 4321.517577
178.00 4321.268617
178.26 4321.020107
178.58 4320.772047
178.89 4320.524435
179.16 4320.277270
179.47 4320.030551
179.79 4319.784277
180.05 4319.538445
180.37 4319.293056
180.68 4319.048106
180.95 4318.803595
181.26 4318.559523
181.58 4318.315888
181.84 4318.072687
182.16 4317.829921
182.48 4317.587588
182.74 4317.345686
183.06 4317.104214
183.37 4316.863171
183.64 4316.622556
183.95 4316.382369
184.27 4316.142605
184.59 4315.903266
184.85 4315.664351
185.17 4315.425855
185.48 4315.187783
185.75 4314.950127
186.06 4314.712890
186.38 4314.476070
186.64 4314.239666
186.96 4314.003676
187.27 4313.768099
187.54 4313.532935
187.85 4313.298181
188.17 4313.063837
188.43 4312.829901
188.75 4312.596372
189.07 4312.363250
189.33 4312.130533
189.65 4311.898219
189.96 4311.666309
190.23 4311.434800
190.54 4311.203692
190.86 4310.972982
191.12 4310.742671
191.44 4310.512756
191.76 4310.283238
192.02 4310.054115
192.34 4309.825385
192.65 4309.597048
192.97 4309.369102
193.23 4309.141546
193.55 4308.914380
193.87 4308.687603
194.13 4308.461211
194.45 4308.235207
194.76 4308.009586
195.03 4307.784350
195.34 4307.559497
195.66 4307.335025
195.92 4307.110934
196.24 4306.887222
196.55 4306.663889
196.82 4306.440933
197.13 4306.218354
197.45 4305.996150
197.77 4305.774320
198.03 4305.552865
198.35 4305.331781
198.66 4305.111067
198.93 4304.890724
199.24 4304.670751
199.56 4304.451145
199.88 4304.231907
200.19 4304.013034
200.51 4303.794528
200.77 4303.576385
201.09 4303.358604
201.40 4303.141187
201.72 4302.924131
202.04 4302.707434
202.35 4302.491097
202.62 4302.275118
202.93 4302.059496
203.25 4301.844230
203.51 4301.629319
203.83 4301.414764
204.15 4301.200560
204.41 4300.986709
204.73 4300.773211
205.04 4300.560062
205.31 4300.347263
205.62 4300.134811
205.94 4299.922709
206.20 4299.710952
206.52 4299.499542
206.84 4299.288475
207.15 4299.077753
207.42 4298.867374
207.73 4298.657338
208.05 4298.447641
208.31 4298.238286
208.63 4298.029270
208.94 4297.820591
209.21 4297.612251
209.52 4297.404246
209.84 4297.196578
210.10 4296.989244
210.42 4296.782244
210.74 4296.575578
211.00 4296.369242
211.32 4296.163239
211.63 4295.957566
211.90 4295.752222
212.21 4295.547208
212.53 4295.342521
212.79 4295.138160
213.11 4294.934125
213.43 4294.730416
213.69 4294.527031
214.01 4294.323969
214.32 4294.121230
214.59 4293.918812
214.90 4293.716716
215.22 4293.514940
215.48 4293.313483
215.80 4293.112344
216.11 4292.911523
216.43 4292.711017
216.69 4292.510829
217.01 4292.310955
217.33 4292.111396
217.59 4291.912149
217.91 4291.713217
218.22 4291.514595
218.49 4291.316284
218.80 4291.118283
219.12 4290.920592
219.38 4290.723209
219.70 4290.526134
220.02 4290.329367
220.28 4290.132905
220.60 4289.936749
220.91 4289.740897
221.18 4289.545350
221.49 4289.350104
221.81 4289.155161
222.07 4288.960521
222.39 4288.766180
222.70 4288.572139
223.02 4288.378398
223.28 4288.184955
223.60 4287.991810
223.92 4287.798961
224.18 4287.606409
224.50 4287.414152
224.81 4287.222190
225.08 4287.030522
225.39 4286.839147
225.71 4286.648065
225.97 4286.457273
226.29 4286.266773
226.61 4286.076563
226.92 4285.886641
227.19 4285.697009
227.50 4285.507666
227.82 4285.318609
228.08 4285.129839
228.40 4284.941355
228.72 4284.753155
228.98 4284.565240
229.30 4284.377609
229.61 4284.190261
229.88 4284.003194
230.19 4283.816410
230.51 4283.629906
230.77 4283.443683
231.09 4283.257740
231.40 4283.072073
231.72 4282.886686
231.98 4282.701577
232.30 4282.516743
232.62 4282.332186
232.88 4282.147904
233.20 4281.963896
233.51 4281.780163
233.78 4281.596703
234.09 4281.413516
234.41 4281.230600
234.67 4281.047955
234.99 4280.865581
235.31 4280.683477
235.62 4280.501643
235.89 4280.320076
236.20 4280.138778
236.52 4279.957748
236.78 4279.776983
237.10 4279.596485
237.41 4279.416252
237.68 4279.236284
237.99 4279.056579
238.31 4278.877138
238.57 4278.697960
238.89 4278.519044
239.21 4278.340390
239.47 4278.161995
239.79 4277.983862
240.10 4277.805988
240.37 4277.628372
240.68 4277.451016
241.00 4277.273917
241.26 4277.097076
241.58 4276.920490
241.90 4276.744159
242.21 4276.568085
242.48 4276.392265
242.79 4276.216700
243.11 4276.041386
243.43 4275.866327
243.74 4275.691519
244.06 4275.516962
244.37 4275.342657
244.69 4275.168603
244.95 4274.994798
245.27 4274.821242
245.59 4274.647935
245.85 4274.474875
246.17 4274.302064
246.48 4274.129500
246.80 4273.957180
247.06 4273.785106
247.38 4273.613279
247.70 4273.441695
247.96 4273.270355
248.28 4273.099259
248.59 4272.928404
248.86 4272.757793
249.17 4272.587423
249.49 4272.417295
249.75 4272.247407
250.07 4272.077757
250.38 4271.908348
250.65 4271.739178
250.96 4271.570246
251.28 4271.401551
251.54 4271.233094
251.86 4271.064873
252.18 4270.896888
252.44 4270.729139
252.76 4270.561624
253.07 4270.394345
253.39 4270.227298
253.65 4270.060485
253.97 4269.893905
254.29 4269.727557
254.55 4269.561441
254.87 4269.395555
255.18 4269.229901
255.45 4269.064475
255.76 4268.899281
256.08 4268.734315
256.34 4268.569577
256.66 4268.405067
256.98 4268.240785
257.24 4268.076729
257.56 4267.912901
257.87 4267.749297
258.14 4267.585920
258.45 4267.422767
258.77 4267.259838
259.03 4267.097134
259.35 4266.934652
259.66 4266.772394
259.93 4266.610357
260.24 4266.448542
260.56 4266.286948
260.88 4266.125576
261.14 4265.964424
261.46 4265.803491
261.77 4265.642777
262.04 4265.482283
262.35 4265.322007
262.67 4265.161948
262.93 4265.002106
263.25 4264.842482
263.57 4264.683074
263.83 4264.523882
264.15 4264.364905
264.46 4264.206143
264.73 4264.047595
265.04 4263.889261
265.36 4263.731141
265.62 4263.573234
265.94 4263.415538
266.25 4263.258056
266.57 4263.100785
266.83 4262.943725
267.15 4262.786874
267.47 4262.630235
267.73 4262.473805
268.05 4262.317584
268.36 4262.161572
268.63 4262.005767
268.94 4261.850171
269.26 4261.694784
269.52 4261.539601
269.84 4261.384625
270.16 4261.229856
270.42 4261.075292
270.74 4260.920933
271.05 4260.766779
271.32 4260.612828
271.63 4260.459082
271.95 4260.305538
272.21 4260.152198
272.53 4259.999060
272.85 4259.846124
273.16 4259.693390
273.43 4259.540856
273.74 4259.388522
274.06 4259.236390
274.32 4259.084457
274.64 4258.932723
274.95 4258.781188
275.22 4258.629852
275.53 4258.478714
275.85 4258.327773
276.11 4258.177029
276.43 4258.026482
276.75 4257.876131
277.01 4257.725977
277.33 4257.576017
277.64 4257.426252
277.91 4257.276683
278.22 4257.127308
278.54 4256.978126
278.86 4256.829137
279.12 4256.680342
279.44 4256.531740
279.75 4256.383328
280.02 4256.235109
280.33 4256.087082
280.65 4255.939244
280.91 4255.791598
281.23 4255.644142
281.54 4255.496876
281.81 4255.349797
282.12 4255.202909
282.44 4255.056208
282.70 4254.909697
283.02 4254.763373
283.34 4254.617235
283.60 4254.471285
283.92 4254.325522
284.23 4254.179944
284.50 4254.034552
284.81 4253.889344
285.13 4253.744323
285.39 4253.599486
285.71 4253.454833
286.03 4253.310363
286.29 4253.166078
286.61 4253.021974
286.92 4252.878054
287.19 4252.734315
287.50 4252.590759
287.82 4252.447384
288.14 4252.304190
288.40 4252.161177
288.72 4252.018344
289.03 4251.875692
289.30 4251.733217
289.61 4251.590923
289.93 4251.448808
290.19 4251.306870
290.51 4251.165112
290.82 4251.023530
291.09 4250.882126
291.40 4250.740900
291.72 4250.599849
291.98 4250.458975
292.30 4250.318277
292.62 4250.177755
292.88 4250.037407
293.20 4249.897234
293.51 4249.757236
293.78 4249.617411
294.09 4249.477761
294.41 4249.338284
294.67 4249.198979
294.99 4249.059847
295.31 4248.920888
295.62 4248.782101
295.89 4248.643486
296.20 4248.505042
296.52 4248.366768
296.78 4248.228664
297.10 4248.090733
297.41 4247.952969
297.68 4247.815376
