0.00 4658.647610
3.02 3962.669601
6.05 3923.496552
9.00 3899.475600
12.09 3887.639986
15.12 3882.771683
18.27 3878.515713
21.36 3874.752421
24.38 3871.394200
27.41 3868.373121
30.43 3865.634278
33.52 3863.130661
36.61 3860.823195
39.63 3858.684758
42.59 3856.696258
45.61 3854.841847
48.64 3853.108159
51.66 3851.484074
54.68 3849.960439
57.64 3848.529818
60.66 3847.186244
63.69 3845.925056
66.71 3844.742768
69.73 3843.637008
72.76 3842.606448
75.78 3841.650661
78.74 3840.769840
81.76 3839.964361
84.85 3839.234259
87.87 3838.578741
90.90 3837.995862
93.92 3837.482456
96.94 3837.034293
100.03 3836.646348
103.05 3836.313126
106.08 3836.028956
