0.00 6136.238449
0.07 6097.170371
0.14 6067.611763
0.21 6044.667655
0.29 6026.478566
0.36 6011.808764
0.43 5999.809768
0.50 5989.880965
0.57 5981.585251
0.64 5974.596604
0.71 5968.666607
0.79 5963.602489
0.86 5959.252341
0.93 5955.494911
1.00 5952.232369
1.07 5949.385080
1.14 5946.887735
1.21 5944.686438
1.28 5942.736477
1.35 5941.000588
1.43 5939.447590
1.50 5938.051305
1.57 5936.789682
1.64 5935.644098
1.71 5934.598778
1.78 5933.640332
1.85 5932.757365
1.93 5931.940156
2.00 5931.180398
2.07 5930.470974
2.14 5929.805774
2.21 5929.179542
2.28 5928.587748
2.35 5928.026477
2.42 5927.492338
2.50 5926.982392
2.57 5926.494081
2.64 5926.025177
2.71 5925.573732
2.78 5925.138043
2.85 5924.716615
2.92 5924.308133
2.99 5923.911438
3.06 5923.525507
3.14 5923.149431
3.21 5922.782407
3.28 5922.423717
3.35 5922.072724
3.42 5921.728856
3.49 5921.391602
3.56 5921.060501
3.63 5920.735139
3.70 5920.415144
3.78 5920.100177
3.85 5919.789933
3.92 5919.484132
3.99 5919.182521
4.06 5918.884869
4.13 5918.590965
4.20 5918.300614
4.27 5918.013639
4.34 5917.729876
4.42 5917.449173
4.49 5917.171391
4.56 5916.896401
4.63 5916.624083
4.70 5916.354325
4.77 5916.087024
4.84 5915.822084
4.91 5915.559413
4.98 5915.298929
5.06 5915.040551
5.13 5914.784205
5.20 5914.529823
5.27 5914.277338
5.34 5914.026689
5.41 5913.777817
5.48 5913.530668
5.55 5913.285189
5.62 5913.041332
5.70 5912.799048
5.77 5912.558295
5.84 5912.319030
5.91 5912.081213
5.98 5911.844805
6.05 5911.609771
6.12 5911.376076
6.20 5911.143687
6.27 5910.912571
6.34 5910.682700
6.41 5910.454043
6.48 5910.226573
6.55 5910.000264
6.62 5909.775090
6.69 5909.551027
6.76 5909.328051
6.84 5909.106139
6.91 5908.885269
6.98 5908.665422
7.05 5908.446576
7.12 5908.228712
7.20 5908.011812
7.27 5907.795857
7.34 5907.580830
7.42 5907.366714
7.49 5907.153492
7.56 5906.941150
7.63 5906.729672
7.71 5906.519043
7.78 5906.309249
7.85 5906.100276
7.92 5905.892110
7.99 5905.684740
8.06 5905.478151
8.14 5905.272333
8.21 5905.067274
8.28 5904.862961
8.36 5904.659384
8.43 5904.456531
8.51 5904.254394
8.58 5904.052960
8.65 5903.852222
8.73 5903.652167
8.80 5903.452789
8.87 5903.254076
8.95 5903.056022
9.02 5902.858616
9.09 5902.661850
9.17 5902.465717
9.24 5902.270208
9.31 5902.075316
9.38 5901.881033
9.46 5901.687352
9.53 5901.494265
9.61 5901.301766
9.68 5901.109848
9.75 5900.918504
9.83 5900.727727
9.90 5900.537511
9.97 5900.347851
10.05 5900.158740
10.12 5899.970172
10.19 5899.782142
10.27 5899.594643
10.34 5899.407670
10.42 5899.221219
10.49 5899.035283
10.56 5898.849858
10.64 5898.664939
10.71 5898.480520
10.78 5898.296597
10.85 5898.113166
10.93 5897.930221
11.00 5897.747758
11.07 5897.565774
11.14 5897.384262
11.22 5897.203220
11.29 5897.022644
11.36 5896.842528
11.43 5896.662870
11.50 5896.483665
11.57 5896.304909
11.64 5896.126600
11.72 5895.948733
11.79 5895.771304
11.86 5895.594311
11.93 5895.417749
12.00 5895.241616
12.07 5895.065909
12.14 5894.890623
12.22 5894.715755
12.29 5894.541304
12.36 5894.367265
12.43 5894.193636
12.50 5894.020413
12.57 5893.847594
12.64 5893.675177
12.71 5893.503157
12.79 5893.331533
12.86 5893.160302
12.93 5892.989461
13.00 5892.819008
13.07 5892.648939
13.14 5892.479254
13.22 5892.309948
13.29 5892.141021
13.36 5891.972468
13.43 5891.804289
13.50 5891.636480
13.57 5891.469040
13.65 5891.301966
13.72 5891.135257
13.79 5890.968909
13.86 5890.802922
13.93 5890.637292
14.01 5890.472017
14.08 5890.307097
14.15 5890.142529
14.22 5889.978310
14.30 5889.814439
14.37 5889.650914
14.44 5889.487734
14.51 5889.324896
14.59 5889.162398
14.66 5889.000239
14.73 5888.838418
14.81 5888.676931
14.88 5888.515778
14.95 5888.354958
15.02 5888.194467
15.10 5888.034305
15.17 5887.874470
15.24 5887.714961
15.31 5887.555776
15.39 5887.396912
15.46 5887.238370
15.53 5887.080147
15.61 5886.922243
15.68 5886.764654
15.75 5886.607381
15.82 5886.450421
15.89 5886.293773
15.97 5886.137436
16.04 5885.981408
16.11 5885.825689
16.18 5885.670276
16.25 5885.515168
16.33 5885.360365
16.40 5885.205865
16.47 5885.051666
16.54 5884.897767
16.61 5884.744167
16.69 5884.590866
16.76 5884.437860
16.83 5884.285151
16.90 5884.132735
16.97 5883.980613
17.04 5883.828782
17.12 5883.677242
17.19 5883.525992
17.26 5883.375031
17.33 5883.224356
17.40 5883.073968
17.47 5882.923865
17.54 5882.774047
17.62 5882.624511
17.69 5882.475258
17.76 5882.326285
17.83 5882.177592
17.90 5882.029179
17.97 5881.881043
18.04 5881.733184
18.11 5881.585601
18.19 5881.438293
18.26 5881.291259
18.33 5881.144498
18.40 5880.998009
18.47 5880.851791
18.54 5880.705843
18.61 5880.560165
18.69 5880.414755
18.76 5880.269612
18.83 5880.124736
18.90 5879.980125
18.98 5879.835780
19.06 5879.691698
19.14 5879.547878
19.22 5879.404322
19.29 5879.261026
19.37 5879.117991
19.44 5878.975215
19.51 5878.832698
19.59 5878.690439
19.66 5878.548437
19.74 5878.406691
19.81 5878.265201
19.89 5878.123965
19.96 5877.982983
20.04 5877.842255
20.11 5877.701778
20.19 5877.561553
20.26 5877.421579
20.33 5877.281854
20.41 5877.142379
20.48 5877.003153
20.55 5876.864174
20.63 5876.725441
20.70 5876.586955
20.77 5876.448715
20.85 5876.310719
20.92 5876.172968
20.99 5876.035459
21.07 5875.898193
21.14 5875.761169
21.22 5875.624386
21.29 5875.487844
21.37 5875.351541
21.44 5875.215478
21.51 5875.079652
21.59 5874.944065
21.66 5874.808714
21.74 5874.673600
21.81 5874.538721
21.88 5874.404078
21.96 5874.269669
22.03 5874.135493
22.10 5874.001551
22.18 5873.867841
22.25 5873.734362
22.32 5873.601115
22.40 5873.468098
22.47 5873.335311
22.54 5873.202754
22.62 5873.070424
22.69 5872.938323
22.77 5872.806449
22.84 5872.674802
22.92 5872.543381
22.99 5872.412185
23.07 5872.281215
23.14 5872.150468
23.22 5872.019945
23.29 5871.889645
23.36 5871.759568
23.44 5871.629713
23.51 5871.500079
23.59 5871.370666
23.66 5871.241472
23.73 5871.112499
23.81 5870.983744
23.88 5870.855208
23.95 5870.726890
24.02 5870.598789
24.10 5870.470905
24.17 5870.343236
24.24 5870.215784
24.32 5870.088547
24.39 5869.961524
24.46 5869.834715
24.54 5869.708119
24.61 5869.581736
24.68 5869.455566
24.76 5869.329607
24.83 5869.203860
24.91 5869.078323
24.98 5868.952997
25.05 5868.827880
25.13 5868.702973
25.20 5868.578273
25.27 5868.453783
25.35 5868.329499
25.42 5868.205423
25.49 5868.081553
25.57 5867.957889
25.64 5867.834431
25.72 5867.711178
25.79 5867.588129
25.86 5867.465284
25.94 5867.342643
26.01 5867.220205
26.08 5867.097969
26.16 5866.975935
26.23 5866.854103
26.31 5866.732472
26.38 5866.611041
26.45 5866.489811
26.52 5866.368779
26.60 5866.247948
26.67 5866.127314
26.75 5866.006879
26.82 5865.886641
26.90 5865.766601
26.97 5865.646757
27.04 5865.527110
27.12 5865.407658
27.19 5865.288402
27.26 5865.169341
27.34 5865.050473
27.41 5864.931800
27.49 5864.813320
27.56 5864.695034
27.63 5864.576940
27.71 5864.459037
27.78 5864.341327
27.85 5864.223808
27.93 5864.106479
28.00 5863.989341
28.07 5863.872393
28.15 5863.755634
28.22 5863.639064
28.29 5863.522682
28.37 5863.406489
28.44 5863.290483
28.52 5863.174665
28.59 5863.059033
28.66 5862.943587
28.73 5862.828328
28.81 5862.713254
28.88 5862.598365
28.96 5862.483661
29.03 5862.369141
29.10 5862.254805
29.17 5862.140652
29.25 5862.026682
29.32 5861.912895
29.40 5861.799289
29.47 5861.685866
29.54 5861.572624
29.61 5861.459562
29.69 5861.346682
29.76 5861.233981
29.84 5861.121460
29.91 5861.009118
29.98 5860.896955
30.06 5860.784970
30.13 5860.673164
30.20 5860.561535
30.28 5860.450084
30.35 5860.338809
30.43 5860.227711
30.50 5860.116788
30.57 5860.006042
30.65 5859.895471
30.72 5859.785074
30.79 5859.674852
30.87 5859.564805
30.94 5859.454931
31.02 5859.345230
31.09 5859.235702
31.16 5859.126347
31.24 5859.017164
31.31 5858.908153
31.38 5858.799313
31.46 5858.690644
31.53 5858.582146
31.60 5858.473819
31.68 5858.365661
31.75 5858.257673
31.82 5858.149854
31.89 5858.042204
31.96 5857.934722
32.04 5857.827408
32.11 5857.720262
32.18 5857.613284
32.25 5857.506472
32.32 5857.399827
32.39 5857.293349
32.46 5857.187036
32.53 5857.080889
32.61 5856.974907
32.68 5856.869090
32.75 5856.763437
32.82 5856.657948
32.89 5856.552623
32.96 5856.447462
33.03 5856.342464
33.10 5856.237628
33.17 5856.132955
33.25 5856.028443
33.32 5855.924094
33.39 5855.819905
33.46 5855.715878
33.53 5855.612012
33.60 5855.508305
33.67 5855.404759
33.75 5855.301372
33.82 5855.198145
33.89 5855.095076
33.96 5854.992166
34.03 5854.889414
34.10 5854.786821
34.18 5854.684384
34.25 5854.582105
34.32 5854.479983
34.39 5854.378018
34.46 5854.276209
34.53 5854.174556
34.60 5854.073058
34.67 5853.971716
34.75 5853.870529
34.82 5853.769496
34.89 5853.668618
34.96 5853.567893
35.03 5853.467323
35.10 5853.366905
35.17 5853.266641
35.24 5853.166529
35.31 5853.066570
35.38 5852.966763
35.46 5852.867108
35.53 5852.767604
35.60 5852.668251
35.67 5852.569049
35.75 5852.469997
35.82 5852.371096
35.89 5852.272345
35.96 5852.173743
36.04 5852.075290
36.11 5851.976987
36.18 5851.878832
36.25 5851.780825
36.33 5851.682967
36.40 5851.585256
36.47 5851.487692
36.54 5851.390276
36.61 5851.293007
36.69 5851.195884
36.76 5851.098907
36.83 5851.002076
36.90 5850.905391
36.98 5850.808852
37.05 5850.712457
37.12 5850.616207
37.19 5850.520101
37.27 5850.424140
37.34 5850.328322
37.41 5850.232649
37.49 5850.137118
37.56 5850.041730
37.63 5849.946485
37.70 5849.851383
37.77 5849.756422
37.84 5849.661604
37.92 5849.566927
37.99 5849.472391
38.06 5849.377997
38.13 5849.283743
38.20 5849.189629
38.27 5849.095655
38.34 5849.001822
38.42 5848.908128
38.49 5848.814573
38.56 5848.721157
38.63 5848.627881
38.70 5848.534742
38.77 5848.441742
38.85 5848.348879
38.92 5848.256155
38.99 5848.163567
39.06 5848.071117
39.13 5847.978804
39.20 5847.886627
39.28 5847.794586
39.35 5847.702681
39.42 5847.610913
39.49 5847.519279
39.56 5847.427781
39.63 5847.336418
39.71 5847.245189
39.78 5847.154095
39.85 5847.063135
39.92 5846.972309
39.99 5846.881616
40.06 5846.791057
40.13 5846.700631
40.21 5846.610338
40.28 5846.520177
40.35 5846.430149
40.42 5846.340252
40.49 5846.250488
40.57 5846.160855
40.64 5846.071353
40.71 5845.981982
40.78 5845.892742
40.86 5845.803633
40.93 5845.714653
41.00 5845.625804
41.07 5845.537085
41.15 5845.448495
41.22 5845.360034
41.29 5845.271702
41.36 5845.183499
41.43 5845.095425
41.50 5845.007479
41.58 5844.919661
41.65 5844.831970
41.72 5844.744407
41.79 5844.656971
41.87 5844.569663
41.94 5844.482481
42.01 5844.395425
42.08 5844.308496
42.15 5844.221693
42.23 5844.135016
42.30 5844.048464
42.37 5843.962038
42.44 5843.875737
42.52 5843.789560
42.59 5843.703508
42.66 5843.617581
42.73 5843.531778
42.81 5843.446098
42.88 5843.360542
42.95 5843.275110
43.02 5843.189801
43.09 5843.104614
43.16 5843.019551
43.24 5842.934610
43.31 5842.849791
43.38 5842.765094
43.45 5842.680519
43.52 5842.596065
43.59 5842.511733
43.67 5842.427522
43.74 5842.343432
43.81 5842.259463
43.88 5842.175613
43.95 5842.091884
44.02 5842.008276
44.09 5841.924786
44.17 5841.841416
44.24 5841.758166
44.31 5841.675035
44.38 5841.592022
44.45 5841.509128
44.53 5841.426352
44.60 5841.343695
44.67 5841.261156
44.74 5841.178734
44.81 5841.096430
44.88 5841.014243
44.96 5840.932173
45.03 5840.850220
45.10 5840.768383
45.17 5840.686663
45.24 5840.605060
45.31 5840.523572
45.38 5840.442200
45.46 5840.360944
45.53 5840.279802
45.60 5840.198776
45.67 5840.117865
45.74 5840.037069
45.82 5839.956387
45.89 5839.875820
45.96 5839.795366
46.03 5839.715026
46.11 5839.634800
46.18 5839.554688
46.25 5839.474688
46.33 5839.394802
46.40 5839.315028
46.47 5839.235367
46.54 5839.155819
46.62 5839.076382
46.69 5838.997058
46.76 5838.917845
46.83 5838.838744
46.91 5838.759755
46.98 5838.680876
47.05 5838.602109
47.12 5838.523452
47.19 5838.444906
47.26 5838.366470
47.34 5838.288144
47.41 5838.209928
47.48 5838.131822
47.55 5838.053826
47.62 5837.975939
47.69 5837.898161
47.76 5837.820492
47.84 5837.742932
47.91 5837.665480
47.98 5837.588137
48.05 5837.510902
48.12 5837.433775
48.19 5837.356755
48.26 5837.279844
48.33 5837.203039
48.41 5837.126342
48.48 5837.049752
48.55 5836.973269
48.62 5836.896892
48.69 5836.820622
48.76 5836.744458
48.83 5836.668400
48.90 5836.592448
48.98 5836.516601
49.05 5836.440860
49.12 5836.365224
49.19 5836.289694
49.26 5836.214268
49.33 5836.138947
49.40 5836.063731
49.47 5835.988619
49.54 5835.913611
49.62 5835.838707
49.69 5835.763907
49.76 5835.689210
49.83 5835.614617
49.90 5835.540127
49.97 5835.465740
50.04 5835.391456
50.11 5835.317275
50.19 5835.243196
50.26 5835.169220
50.33 5835.095345
50.40 5835.021573
50.47 5834.947903
50.54 5834.874334
50.61 5834.800866
50.69 5834.727500
50.76 5834.654235
50.83 5834.581070
50.90 5834.508007
50.97 5834.435044
51.04 5834.362181
51.11 5834.289419
51.19 5834.216756
51.26 5834.144193
51.33 5834.071730
51.40 5833.999367
51.47 5833.927102
51.54 5833.854937
51.61 5833.782871
51.68 5833.710904
51.76 5833.639035
51.83 5833.567265
51.90 5833.495593
51.97 5833.424019
52.04 5833.352543
52.11 5833.281164
52.18 5833.209883
52.25 5833.138700
52.32 5833.067614
52.40 5832.996625
52.47 5832.925733
52.54 5832.854938
52.61 5832.784239
52.68 5832.713636
52.75 5832.643130
52.82 5832.572720
52.89 5832.502406
52.97 5832.432188
53.04 5832.362065
53.11 5832.292037
53.18 5832.222105
53.25 5832.152268
53.32 5832.082525
53.39 5832.012878
53.46 5831.943325
53.53 5831.873867
53.61 5831.804502
53.68 5831.735232
53.75 5831.666056
53.82 5831.596973
53.89 5831.527985
53.96 5831.459089
54.03 5831.390287
54.10 5831.321578
54.17 5831.252962
54.25 5831.184439
54.32 5831.116008
54.39 5831.047670
54.46 5830.979425
54.53 5830.911271
54.60 5830.843210
54.67 5830.775240
54.74 5830.707362
54.81 5830.639576
54.88 5830.571881
54.96 5830.504277
55.03 5830.436764
55.10 5830.369343
55.17 5830.302012
55.24 5830.234771
55.31 5830.167622
55.38 5830.100562
55.45 5830.033593
55.52 5829.966713
55.60 5829.899924
55.67 5829.833224
55.74 5829.766614
55.81 5829.700093
55.88 5829.633661
55.95 5829.567319
56.02 5829.501065
56.09 5829.434901
56.16 5829.368825
56.24 5829.302837
56.31 5829.236938
56.38 5829.171127
56.45 5829.105404
56.52 5829.039769
56.59 5828.974221
56.66 5828.908762
56.73 5828.843389
56.80 5828.778105
56.88 5828.712907
56.95 5828.647796
57.02 5828.582772
57.09 5828.517835
57.16 5828.452985
57.23 5828.388221
57.30 5828.323543
57.37 5828.258951
57.45 5828.194446
57.52 5828.130026
57.59 5828.065692
57.66 5828.001444
57.73 5827.937281
57.80 5827.873203
57.87 5827.809211
57.94 5827.745303
58.01 5827.681481
58.09 5827.617743
58.16 5827.554090
58.23 5827.490521
58.30 5827.427037
58.37 5827.363636
58.44 5827.300320
58.51 5827.237088
58.58 5827.173939
58.65 5827.110874
58.73 5827.047893
58.80 5826.984995
58.87 5826.922180
58.94 5826.859448
59.01 5826.796799
59.08 5826.734233
59.15 5826.671749
59.22 5826.609348
59.30 5826.547030
59.37 5826.484794
59.44 5826.422639
59.51 5826.360567
59.58 5826.298577
59.65 5826.236668
59.72 5826.174841
59.79 5826.113096
59.87 5826.051431
59.94 5825.989848
60.01 5825.928346
60.08 5825.866925
60.15 5825.805585
60.22 5825.744325
60.29 5825.683146
60.36 5825.622047
60.44 5825.561029
60.51 5825.500091
60.58 5825.439232
60.65 5825.378454
60.72 5825.317755
60.79 5825.257136
60.86 5825.196596
60.93 5825.136136
61.00 5825.075755
61.08 5825.015453
61.15 5824.955230
61.22 5824.895086
61.29 5824.835020
61.36 5824.775033
61.43 5824.715125
61.50 5824.655295
61.57 5824.595543
61.64 5824.535869
61.72 5824.476273
61.79 5824.416755
61.86 5824.357315
61.93 5824.297952
62.00 5824.238667
62.07 5824.179459
62.14 5824.120328
62.21 5824.061275
62.28 5824.002298
62.36 5823.943398
62.43 5823.884575
62.50 5823.825828
62.57 5823.767158
62.64 5823.708564
62.71 5823.650047
62.78 5823.591605
62.85 5823.533240
62.92 5823.474950
63.00 5823.416736
63.07 5823.358598
63.14 5823.300535
63.21 5823.242547
63.28 5823.184635
63.35 5823.126798
63.42 5823.069036
63.50 5823.011349
63.57 5822.953736
63.64 5822.896199
63.71 5822.838735
63.78 5822.781346
63.85 5822.724032
63.92 5822.666792
64.00 5822.609625
64.07 5822.552533
64.14 5822.495514
64.21 5822.438570
64.28 5822.381698
64.35 5822.324900
64.42 5822.268176
64.49 5822.211525
64.56 5822.154947
64.64 5822.098442
64.71 5822.042010
64.78 5821.985650
64.85 5821.929364
64.92 5821.873150
64.99 5821.817008
65.06 5821.760938
65.13 5821.704941
65.21 5821.649016
65.28 5821.593163
65.35 5821.537382
65.42 5821.481672
65.49 5821.426035
65.56 5821.370468
65.63 5821.314973
65.70 5821.259550
65.77 5821.204198
65.84 5821.148916
65.92 5821.093706
65.99 5821.038566
66.06 5820.983498
66.13 5820.928500
66.20 5820.873572
66.27 5820.818715
66.34 5820.763928
66.41 5820.709212
66.48 5820.654565
66.56 5820.599989
66.63 5820.545482
66.70 5820.491045
66.77 5820.436678
66.84 5820.382380
66.91 5820.328152
66.98 5820.273993
67.05 5820.219903
67.12 5820.165883
67.20 5820.111931
67.27 5820.058048
67.34 5820.004234
67.41 5819.950489
67.48 5819.896813
67.55 5819.843204
67.62 5819.789665
67.69 5819.736193
67.77 5819.682790
67.84 5819.629454
67.91 5819.576187
67.98 5819.522987
68.05 5819.469856
68.12 5819.416792
68.19 5819.363795
68.27 5819.310866
68.34 5819.258004
68.41 5819.205209
68.48 5819.152482
68.55 5819.099821
68.62 5819.047227
68.69 5818.994701
68.76 5818.942240
68.83 5818.889847
68.91 5818.837520
68.98 5818.785259
69.05 5818.733065
69.12 5818.680937
69.19 5818.628875
69.26 5818.576879
69.33 5818.524948
69.40 5818.473084
69.47 5818.421285
69.55 5818.369552
69.62 5818.317884
69.69 5818.266282
69.76 5818.214745
69.83 5818.163273
69.90 5818.111867
69.97 5818.060525
70.04 5818.009248
70.11 5817.958036
70.19 5817.906889
70.26 5817.855806
70.33 5817.804788
70.40 5817.753834
70.47 5817.702944
70.54 5817.652119
70.61 5817.601358
70.68 5817.550660
70.75 5817.500027
70.83 5817.449457
70.90 5817.398952
70.97 5817.348509
71.04 5817.298131
71.11 5817.247815
71.18 5817.197563
71.25 5817.147375
71.32 5817.097249
71.39 5817.047187
71.47 5816.997187
71.54 5816.947250
71.61 5816.897376
71.68 5816.847565
71.75 5816.797816
71.82 5816.748130
71.89 5816.698506
71.96 5816.648945
