0.00 6136.238449
0.55 5873.492894
1.08 5820.912764
1.62 5802.138749
2.15 5788.154200
2.69 5775.592011
3.23 5764.147033
3.77 5753.995259
4.30 5745.006145
4.83 5737.034538
5.37 5729.951808
5.90 5723.650164
6.43 5718.039603
6.97 5713.043174
7.50 5708.593090
8.03 5704.628428
8.57 5701.094539
9.10 5697.941835
9.63 5695.126275
10.17 5692.608851
10.70 5690.355720
11.23 5688.338035
11.76 5686.532089
12.30 5684.920316
12.84 5683.494734
13.37 5682.962924
13.90 5682.962924
14.44 5682.962918
14.97 5682.962765
15.51 5682.959837
16.04 5682.915846
16.57 5682.691299
17.11 5682.438428
17.64 5682.435714
18.18 5682.270141
