0.00 6136.238449
0.35 6001.718672
0.71 5913.504051
1.07 5855.228749
1.44 5816.494450
1.79 5791.139462
2.15 5774.710289
2.52 5764.156829
2.88 5757.453267
3.23 5753.264640
3.60 5750.711700
3.97 5749.215060
4.33 5748.393180
4.70 5747.995454
5.06 5747.858075
5.43 5747.841374
5.80 5747.738771
6.17 5747.593324
6.52 5747.431609
6.88 5747.269476
7.25 5747.115872
7.61 5746.975367
7.97 5746.849816
8.33 5746.739445
8.72 5746.643552
9.08 5746.560948
9.44 5746.490240
9.80 5746.429994
10.16 5746.378833
10.52 5746.335488
10.88 5746.298820
11.25 5746.267828
11.61 5746.241640
11.96 5746.219507
12.32 5746.200790
12.68 5746.184947
13.07 5746.171520
13.44 5746.160122
13.80 5746.150429
14.16 5746.142169
14.52 5746.135115
