0.00 2202.118269
0.74 2197.467087
1.52 2193.203573
2.28 2189.282132
3.03 2185.663875
3.81 2182.315499
4.57 2179.208370
5.34 2176.317769
6.09 2173.622264
6.84 2171.103197
7.60 2168.744256
8.41 2166.531121
9.17 2164.451165
9.91 2162.493214
10.66 2160.647336
11.41 2158.904673
12.19 2157.257290
12.94 2155.698060
13.74 2154.220554
14.54 2152.818958
15.34 2151.487996
16.10 2150.222868
16.83 2149.019193
17.57 2147.872965
18.30 2146.780509
19.03 2145.738450
19.77 2144.743678
20.51 2143.793325
21.25 2142.884740
22.03 2142.015470
22.79 2141.183237
23.54 2140.385929
24.29 2139.621582
25.02 2138.888365
25.76 2138.184575
26.49 2137.508620
27.22 2136.859015
27.96 2136.234370
28.69 2135.633385
29.43 2135.054842
30.16 2134.497601
30.89 2133.960589
31.62 2133.442803
32.35 2132.943297
33.09 2132.461184
33.82 2131.995628
34.55 2131.545842
35.28 2131.111087
36.01 2130.690663
36.75 2130.283913
37.48 2129.890214
38.22 2129.508982
38.95 2129.139660
39.68 2128.781726
40.41 2128.434684
41.14 2128.098066
41.88 2127.771428
42.61 2127.454349
43.34 2127.146432
44.07 2126.847300
44.81 2126.556593
45.56 2126.273973
46.32 2125.999116
47.07 2125.731717
47.82 2125.471484
48.58 2125.218140
49.33 2124.971421
50.08 2124.731078
50.83 2124.496872
51.59 2124.268574
52.34 2124.045969
53.09 2123.828850
53.83 2123.617020
54.57 2123.410292
55.31 2123.208484
56.04 2123.011427
56.77 2122.818956
57.50 2122.630915
58.23 2122.447155
58.96 2122.267531
59.69 2122.091907
60.44 2121.920151
61.17 2121.752138
61.91 2121.587748
62.64 2121.426864
63.38 2121.269376
64.12 2121.115178
64.85 2120.964168
65.59 2120.816247
66.32 2120.671321
67.06 2120.529301
67.79 2120.390099
68.53 2120.253631
69.26 2120.119817
70.00 2119.988580
70.73 2119.859844
71.47 2119.733539
72.20 2119.609595
72.94 2119.487946
73.68 2119.368526
74.41 2119.251275
75.15 2119.136132
75.89 2119.023040
76.62 2118.911943
77.35 2118.802787
78.08 2118.695520
78.81 2118.590092
79.55 2118.486454
80.28 2118.384560
81.01 2118.284365
81.74 2118.185823
82.47 2118.088893
83.20 2117.993534
83.93 2117.899705
84.66 2117.807369
85.39 2117.716487
86.13 2117.627025
86.86 2117.538945
87.59 2117.452216
88.32 2117.366803
89.05 2117.282674
89.78 2117.199799
90.51 2117.118148
91.24 2117.037690
91.98 2116.958399
92.71 2116.880245
93.44 2116.803203
94.17 2116.727247
94.91 2116.652351
95.64 2116.578490
96.37 2116.505641
97.11 2116.433781
97.84 2116.362886
98.57 2116.292936
99.30 2116.223908
100.04 2116.155783
100.76 2116.088539
101.50 2116.022157
102.23 2115.956618
102.96 2115.891903
103.69 2115.827994
104.42 2115.764874
105.15 2115.702525
105.89 2115.640930
106.62 2115.580074
107.35 2115.519939
108.08 2115.460512
108.81 2115.401775
109.54 2115.343716
110.28 2115.286319
111.01 2115.229570
111.74 2115.173457
112.47 2115.117964
113.20 2115.063080
113.93 2115.008792
114.67 2114.955087
115.40 2114.901953
116.13 2114.849378
116.87 2114.797352
117.60 2114.745863
118.33 2114.694899
119.07 2114.644450
119.80 2114.594506
120.53 2114.545056
121.26 2114.496091
121.99 2114.447601
122.72 2114.399576
123.46 2114.352006
124.19 2114.304884
124.92 2114.258200
125.65 2114.211945
126.38 2114.166111
127.12 2114.120690
127.85 2114.075674
128.58 2114.031054
129.31 2113.986823
130.04 2113.942974
130.77 2113.899498
131.50 2113.856390
132.24 2113.813642
132.97 2113.771246
133.70 2113.729197
134.43 2113.687487
135.16 2113.646111
135.89 2113.605061
136.62 2113.564332
137.35 2113.523918
138.09 2113.483813
138.82 2113.444010
139.55 2113.404505
140.28 2113.365292
141.01 2113.326366
141.74 2113.287720
142.48 2113.249351
143.21 2113.211253
143.94 2113.173420
144.67 2113.135849
145.40 2113.098534
146.13 2113.061471
146.86 2113.024655
147.59 2112.988082
148.32 2112.951747
149.05 2112.915646
149.79 2112.879776
150.52 2112.844131
151.25 2112.808708
151.98 2112.773503
152.71 2112.738512
153.44 2112.703732
154.18 2112.669158
154.91 2112.634787
155.64 2112.600615
156.37 2112.566640
157.11 2112.532858
157.84 2112.499264
158.57 2112.465857
159.31 2112.432633
160.04 2112.399588
160.77 2112.366721
161.50 2112.334027
162.23 2112.301503
162.97 2112.269148
163.70 2112.236958
164.43 2112.204930
165.17 2112.173062
165.91 2112.141351
166.64 2112.109794
167.38 2112.078389
168.11 2112.047133
168.85 2112.016025
169.59 2111.985060
170.32 2111.954238
171.07 2111.923556
171.84 2111.893011
172.62 2111.862602
173.40 2111.832325
174.16 2111.802180
174.93 2111.772164
175.69 2111.742275
176.45 2111.712510
177.21 2111.682869
177.96 2111.653348
178.71 2111.623947
179.46 2111.594663
180.21 2111.565494
180.95 2111.536439
181.70 2111.507496
182.44 2111.478663
183.19 2111.449938
183.93 2111.421320
184.68 2111.392808
185.44 2111.364399
186.18 2111.336092
186.92 2111.307886
187.67 2111.279778
188.41 2111.251768
189.16 2111.223855
189.90 2111.196036
190.64 2111.168310
191.39 2111.140676
192.12 2111.113133
192.86 2111.085679
193.59 2111.058313
194.33 2111.031033
195.07 2111.003839
195.82 2110.976730
196.56 2110.949703
197.29 2110.922758
198.04 2110.895894
198.77 2110.869109
199.51 2110.842403
200.25 2110.815774
200.99 2110.789222
201.73 2110.762744
202.47 2110.736341
203.21 2110.710011
203.94 2110.683753
204.68 2110.657567
205.42 2110.631450
206.15 2110.605403
206.90 2110.579424
207.72 2110.553513
208.48 2110.527668
209.23 2110.501889
209.98 2110.476175
210.71 2110.450524
211.45 2110.424937
212.19 2110.399412
212.98 2110.373949
213.82 2110.348546
214.70 2110.323203
215.61 2110.297920
216.38 2110.272694
217.13 2110.247527
217.90 2110.222416
218.65 2110.197362
219.42 2110.172363
220.19 2110.147419
220.97 2110.122530
221.74 2110.097693
222.49 2110.072910
223.24 2110.048179
223.99 2110.023499
224.73 2109.998871
225.47 2109.974293
226.22 2109.949764
226.96 2109.925285
227.71 2109.900855
228.49 2109.876472
229.25 2109.852137
230.02 2109.827849
230.79 2109.803608
231.58 2109.779412
232.34 2109.755261
233.11 2109.731156
233.88 2109.707095
234.70 2109.683077
235.56 2109.659103
236.31 2109.635172
237.05 2109.611283
237.81 2109.587436
238.55 2109.563631
239.32 2109.539866
240.08 2109.516142
240.84 2109.492459
241.59 2109.468815
242.34 2109.445210
243.13 2109.421644
243.89 2109.398117
244.66 2109.374628
245.46 2109.351176
246.25 2109.327762
247.02 2109.304384
247.80 2109.281044
248.56 2109.257739
249.31 2109.234470
250.06 2109.211237
250.82 2109.188038
251.60 2109.164875
252.36 2109.141746
253.12 2109.118651
253.87 2109.095589
254.62 2109.072561
255.41 2109.049566
256.21 2109.026604
256.95 2109.003675
257.69 2108.980777
258.42 2108.957912
259.15 2108.935078
259.89 2108.912275
260.63 2108.889503
261.37 2108.866762
262.10 2108.844051
262.84 2108.821371
263.58 2108.798720
264.31 2108.776099
265.04 2108.753507
265.77 2108.730945
266.52 2108.708411
267.28 2108.685906
268.01 2108.663429
268.75 2108.640980
269.49 2108.618560
270.22 2108.596166
270.96 2108.573800
271.69 2108.551462
272.43 2108.529150
273.16 2108.506865
273.89 2108.484606
274.63 2108.462374
275.36 2108.440168
276.09 2108.417987
276.83 2108.395833
277.56 2108.373703
278.29 2108.351599
279.03 2108.329520
279.76 2108.307466
280.49 2108.285437
281.22 2108.263432
281.95 2108.241451
282.69 2108.219494
283.42 2108.197562
284.15 2108.175653
284.88 2108.153767
285.61 2108.131905
286.34 2108.110066
287.08 2108.088251
287.81 2108.066458
288.54 2108.044687
289.27 2108.022940
290.00 2108.001215
290.73 2107.979512
291.47 2107.957831
292.21 2107.936172
292.95 2107.914535
293.69 2107.892919
294.43 2107.871325
295.17 2107.849752
295.91 2107.828201
296.65 2107.806670
297.39 2107.785161
298.12 2107.763672
298.86 2107.742204
299.60 2107.720756
300.34 2107.699329
301.07 2107.677922
301.80 2107.656535
302.53 2107.635168
303.26 2107.613821
304.00 2107.592494
304.73 2107.571186
305.46 2107.549898
306.19 2107.528629
306.92 2107.507380
307.65 2107.486150
308.38 2107.464938
309.11 2107.443746
309.84 2107.422572
310.57 2107.401418
311.31 2107.380281
312.04 2107.359164
312.77 2107.338064
313.50 2107.316983
314.23 2107.295920
314.96 2107.274876
315.69 2107.253849
316.43 2107.232840
317.16 2107.211849
317.89 2107.190875
318.62 2107.169919
319.36 2107.148981
320.09 2107.128060
320.82 2107.107156
321.55 2107.086270
322.28 2107.065400
323.01 2107.044548
323.74 2107.023713
324.48 2107.002894
325.21 2106.982093
325.94 2106.961308
326.67 2106.940539
327.41 2106.919788
328.14 2106.899052
328.87 2106.878333
329.60 2106.857631
330.33 2106.836944
331.06 2106.816274
331.79 2106.795620
332.52 2106.774982
333.25 2106.754359
333.98 2106.733753
334.72 2106.713162
335.45 2106.692587
336.18 2106.672028
336.91 2106.651484
337.64 2106.630956
338.38 2106.610443
339.11 2106.589945
339.84 2106.569463
340.57 2106.548996
341.30 2106.528544
342.03 2106.508108
342.77 2106.487686
343.50 2106.467279
344.23 2106.446887
344.96 2106.426510
345.70 2106.406148
346.43 2106.385801
347.16 2106.365468
347.89 2106.345150
348.63 2106.324846
349.36 2106.304557
350.09 2106.284282
350.82 2106.264022
351.55 2106.243775
352.28 2106.223544
353.01 2106.203326
353.74 2106.183123
354.47 2106.162933
355.20 2106.142758
355.93 2106.122597
356.66 2106.102450
357.39 2106.082316
358.12 2106.062197
358.85 2106.042091
359.58 2106.021999
360.31 2106.001920
361.04 2105.981856
361.77 2105.961805
362.50 2105.941767
363.24 2105.921743
363.97 2105.901733
364.70 2105.881736
365.43 2105.861752
366.16 2105.841781
366.89 2105.821824
367.62 2105.801880
368.35 2105.781950
369.09 2105.762032
369.83 2105.742128
370.56 2105.722237
371.29 2105.702358
372.03 2105.682493
372.76 2105.662641
373.49 2105.642801
374.22 2105.622975
374.95 2105.603161
375.70 2105.583360
376.44 2105.563572
377.20 2105.543796
377.97 2105.524033
378.71 2105.504283
379.45 2105.484546
380.18 2105.464821
380.92 2105.445108
381.65 2105.425408
382.38 2105.405721
383.12 2105.386046
383.85 2105.366383
384.58 2105.346732
385.31 2105.327094
386.04 2105.307469
386.77 2105.287855
387.51 2105.268254
388.24 2105.248665
388.97 2105.229088
389.70 2105.209523
390.43 2105.189970
391.16 2105.170430
391.89 2105.150901
392.63 2105.131384
393.36 2105.111880
394.09 2105.092387
394.82 2105.072906
395.55 2105.053437
396.28 2105.033980
397.02 2105.014535
397.75 2104.995101
398.48 2104.975680
399.21 2104.956270
399.94 2104.936871
400.68 2104.917485
401.41 2104.898110
402.14 2104.878747
403.06 2104.859395
403.81 2104.840055
404.54 2104.820726
405.27 2104.801409
406.00 2104.782103
406.74 2104.762809
407.47 2104.743526
408.20 2104.724255
408.94 2104.704995
409.67 2104.685746
410.40 2104.666509
411.14 2104.647283
411.86 2104.628069
412.60 2104.608865
413.33 2104.589673
414.05 2104.570492
414.79 2104.551322
415.52 2104.532164
416.25 2104.513016
416.98 2104.493880
417.71 2104.474755
418.44 2104.455641
419.17 2104.436538
419.91 2104.417446
420.64 2104.398365
421.37 2104.379295
422.11 2104.360236
422.84 2104.341188
423.57 2104.322151
424.30 2104.303124
425.04 2104.284109
425.77 2104.265104
426.50 2104.246111
427.24 2104.227128
427.96 2104.208156
428.70 2104.189195
429.43 2104.170244
430.16 2104.151304
430.89 2104.132375
431.62 2104.113457
432.36 2104.094550
433.09 2104.075653
433.82 2104.056766
434.55 2104.037891
435.28 2104.019026
436.01 2104.000171
436.75 2103.981327
437.48 2103.962494
438.20 2103.943671
438.94 2103.924859
439.67 2103.906057
440.40 2103.887266
441.13 2103.868485
441.86 2103.849715
442.59 2103.830955
443.32 2103.812205
444.05 2103.793466
444.79 2103.774738
445.52 2103.756019
446.25 2103.737311
446.99 2103.718614
447.72 2103.699926
448.45 2103.681249
449.18 2103.662583
449.91 2103.643926
450.64 2103.625280
451.37 2103.606644
452.11 2103.588018
452.84 2103.569403
453.57 2103.550797
454.30 2103.532202
455.03 2103.513617
455.76 2103.495042
456.50 2103.476478
457.23 2103.457923
457.96 2103.439379
458.69 2103.420844
459.42 2103.402320
460.15 2103.383806
460.88 2103.365301
461.61 2103.346807
462.35 2103.328323
463.08 2103.309849
464.10 2103.291385
465.16 2103.272931
466.21 2103.254487
466.96 2103.236052
467.69 2103.217628
468.43 2103.199214
469.16 2103.180809
469.89 2103.162415
470.63 2103.144030
471.36 2103.125655
472.10 2103.107290
472.83 2103.088935
473.57 2103.070590
474.30 2103.052254
475.03 2103.033929
475.77 2103.015613
476.50 2102.997307
477.23 2102.979011
477.97 2102.960724
478.70 2102.942447
479.43 2102.924180
480.16 2102.905923
480.90 2102.887675
481.63 2102.869437
482.36 2102.851209
483.09 2102.832991
483.83 2102.814782
484.56 2102.796582
485.29 2102.778393
486.03 2102.760213
486.76 2102.742043
487.49 2102.723882
488.23 2102.705731
488.96 2102.687589
489.69 2102.669457
490.43 2102.651335
491.16 2102.633222
491.89 2102.615119
492.63 2102.597025
493.36 2102.578941
494.09 2102.560866
494.83 2102.542801
495.56 2102.524745
496.29 2102.506699
497.03 2102.488662
497.76 2102.470634
498.49 2102.452616
499.22 2102.434608
499.96 2102.416609
500.69 2102.398619
501.42 2102.380639
502.16 2102.362668
502.89 2102.344707
503.62 2102.326755
504.36 2102.308812
505.09 2102.290879
505.82 2102.272955
506.55 2102.255040
507.29 2102.237135
508.02 2102.219239
508.77 2102.201352
509.51 2102.183474
510.24 2102.165606
510.97 2102.147747
511.71 2102.129898
512.44 2102.112058
513.17 2102.094227
513.90 2102.076405
514.64 2102.058592
515.37 2102.040789
516.10 2102.022995
516.84 2102.005210
517.57 2101.987434
518.30 2101.969667
519.03 2101.951910
519.77 2101.934162
520.50 2101.916423
521.23 2101.898693
521.97 2101.880972
522.70 2101.863260
523.43 2101.845558
524.17 2101.827865
524.90 2101.810180
525.63 2101.792505
526.37 2101.774839
527.10 2101.757182
527.83 2101.739534
528.56 2101.721895
529.29 2101.704266
530.03 2101.686645
530.76 2101.669033
531.49 2101.651430
532.24 2101.633837
532.99 2101.616252
533.73 2101.598677
534.49 2101.581110
535.23 2101.563552
535.98 2101.546004
536.72 2101.528464
537.47 2101.510934
538.21 2101.493412
538.95 2101.475899
539.69 2101.458395
540.43 2101.440900
541.17 2101.423414
541.91 2101.405937
542.65 2101.388469
543.39 2101.371010
544.12 2101.353560
544.86 2101.336118
545.59 2101.318686
546.32 2101.301262
547.06 2101.283848
547.79 2101.266442
548.53 2101.249045
549.26 2101.231656
549.99 2101.214277
550.73 2101.196907
551.46 2101.179545
552.19 2101.162192
552.92 2101.144848
553.65 2101.127513
554.39 2101.110186
555.12 2101.092868
555.85 2101.075560
556.58 2101.058259
557.33 2101.040968
558.07 2101.023685
558.81 2101.006412
559.56 2100.989147
560.30 2100.971890
561.05 2100.954643
561.80 2100.937404
562.54 2100.920173
563.28 2100.902952
564.03 2100.885739
564.78 2100.868535
565.52 2100.851340
566.26 2100.834153
566.99 2100.816975
567.73 2100.799806
568.46 2100.782645
569.19 2100.765493
569.93 2100.748350
570.67 2100.731215
571.40 2100.714089
572.13 2100.696971
572.87 2100.679863
573.60 2100.662762
574.34 2100.645671
575.08 2100.628588
575.81 2100.611513
576.54 2100.594448
577.28 2100.577390
578.01 2100.560342
578.75 2100.543302
579.48 2100.526270
580.21 2100.509247
580.94 2100.492233
581.68 2100.475227
582.41 2100.458230
583.15 2100.441241
583.88 2100.424261
584.62 2100.407289
585.35 2100.390326
586.08 2100.373371
586.82 2100.356425
587.55 2100.339487
588.28 2100.322558
589.02 2100.305637
589.76 2100.288725
590.49 2100.271821
591.23 2100.254926
591.96 2100.238039
592.69 2100.221161
593.43 2100.204291
594.16 2100.187429
594.89 2100.170576
595.64 2100.153731
596.38 2100.136895
597.13 2100.120067
597.88 2100.103248
598.62 2100.086437
599.37 2100.069634
600.11 2100.052840
600.86 2100.036054
601.60 2100.019277
602.35 2100.002508
603.09 2099.985747
603.83 2099.968995
604.57 2099.952251
605.30 2099.935515
606.04 2099.918788
606.77 2099.902069
607.50 2099.885359
608.24 2099.868656
608.97 2099.851962
609.70 2099.835277
610.44 2099.818599
611.17 2099.801930
611.90 2099.785270
612.64 2099.768617
613.37 2099.751973
614.11 2099.735337
614.84 2099.718710
615.57 2099.702090
616.30 2099.685479
617.04 2099.668877
617.77 2099.652282
618.50 2099.635696
619.24 2099.619118
619.97 2099.602548
620.70 2099.585987
621.43 2099.569433
622.17 2099.552888
622.90 2099.536351
623.63 2099.519823
624.37 2099.503302
625.10 2099.486790
625.83 2099.470286
626.57 2099.453790
627.30 2099.437302
628.03 2099.420823
628.77 2099.404351
629.50 2099.387888
630.23 2099.371433
630.97 2099.354986
631.70 2099.338548
632.43 2099.322117
633.16 2099.305695
633.91 2099.289280
634.64 2099.272874
635.38 2099.256476
636.10 2099.240086
636.84 2099.223705
637.57 2099.207331
638.30 2099.190965
639.03 2099.174608
639.76 2099.158258
640.49 2099.141917
641.22 2099.125584
641.95 2099.109259
642.68 2099.092942
643.41 2099.076633
644.14 2099.060332
644.87 2099.044039
645.60 2099.027754
646.34 2099.011477
647.07 2098.995208
647.80 2098.978948
648.53 2098.962695
649.26 2098.946450
650.00 2098.930214
650.73 2098.913985
651.46 2098.897764
652.20 2098.881552
652.93 2098.865347
653.66 2098.849151
654.40 2098.832962
655.13 2098.816781
655.86 2098.800609
656.60 2098.784444
657.33 2098.768287
658.06 2098.752139
658.79 2098.735998
659.52 2098.719865
660.26 2098.703740
661.00 2098.687623
661.73 2098.671514
662.46 2098.655413
663.20 2098.639320
663.93 2098.623235
664.66 2098.607157
665.40 2098.591088
666.13 2098.575026
666.86 2098.558973
667.59 2098.542927
668.33 2098.526889
669.06 2098.510859
669.79 2098.494838
670.52 2098.478823
671.26 2098.462817
672.00 2098.446819
672.75 2098.430828
673.49 2098.414846
674.23 2098.398871
674.97 2098.382904
675.71 2098.366945
676.45 2098.350993
677.18 2098.335050
677.92 2098.319114
678.65 2098.303187
679.39 2098.287267
680.12 2098.271355
680.85 2098.255450
681.59 2098.239554
682.32 2098.223665
683.06 2098.207784
683.80 2098.191911
684.53 2098.176046
685.27 2098.160188
686.00 2098.144339
686.73 2098.128497
687.47 2098.112662
688.20 2098.096836
688.93 2098.081017
689.67 2098.065206
690.40 2098.049403
691.14 2098.033608
691.87 2098.017820
692.60 2098.002040
693.33 2097.986268
694.07 2097.970503
694.80 2097.954746
695.54 2097.938997
696.27 2097.923256
697.01 2097.907522
697.75 2097.891796
698.50 2097.876078
699.24 2097.860368
699.98 2097.844665
700.72 2097.828970
701.46 2097.813282
702.20 2097.797602
702.94 2097.781930
703.69 2097.766266
704.43 2097.750609
705.17 2097.734960
705.91 2097.719318
706.64 2097.703684
707.37 2097.688058
708.11 2097.672440
708.84 2097.656829
709.57 2097.641225
710.31 2097.625630
711.04 2097.610042
711.77 2097.594461
712.51 2097.578888
713.24 2097.563323
713.97 2097.547766
714.71 2097.532216
715.44 2097.516673
716.17 2097.501138
716.90 2097.485611
717.64 2097.470091
718.37 2097.454579
719.10 2097.439075
719.84 2097.423578
720.57 2097.408088
721.30 2097.392607
722.03 2097.377132
722.77 2097.361666
723.50 2097.346206
724.24 2097.330755
724.97 2097.315311
725.71 2097.299874
726.44 2097.284445
727.17 2097.269024
727.90 2097.253610
728.64 2097.238203
729.37 2097.222804
730.10 2097.207413
730.84 2097.192029
731.57 2097.176652
732.30 2097.161283
733.03 2097.145922
733.77 2097.130568
734.50 2097.115221
735.23 2097.099882
735.97 2097.084550
736.70 2097.069226
737.43 2097.053910
738.16 2097.038600
738.91 2097.023299
