0.00 2202.118269
7.82 2015.611567
15.11 1992.237789
22.29 1980.674032
29.52 1975.344053
36.74 1970.953981
43.91 1967.277044
51.10 1964.156451
58.20 1961.485464
65.33 1959.187354
72.44 1957.209388
79.56 1955.514399
86.67 1954.076287
93.79 1952.875569
100.96 1951.895053
108.15 1951.116215
115.38 1950.516962
122.58 1950.071287
129.79 1949.750779
137.00 1949.527258
144.18 1949.375374
151.36 1949.274264
158.55 1949.207974
165.73 1949.164977
172.89 1949.137296
180.08 1949.119561
187.25 1949.108235
194.42 1949.101018
201.61 1949.096425
