0.00 2202.118269
6.09 2057.732378
12.14 2014.917843
18.17 2005.086485
24.21 2002.282536
30.25 1999.319940
36.30 1996.856289
42.37 1995.244653
48.43 1994.240605
54.46 1993.610329
60.50 1993.210938
66.54 1992.956294
72.61 1992.793579
78.65 1992.689798
84.70 1992.624005
90.72 1992.582739
96.80 1992.557279
102.88 1992.541953
108.94 1992.533068
114.99 1992.528223
121.07 1992.525868
127.12 1992.525007
133.19 1992.525007
139.25 1992.524543
145.29 1992.523857
151.34 1992.523097
157.38 1992.522344
163.45 1992.521643
169.49 1992.521015
175.53 1992.520467
181.56 1992.519995
187.62 1992.519596
193.68 1992.519260
