0.00 7051.951959
0.98 7049.690698
1.96 7047.451473
2.94 7045.234023
3.92 7043.038090
4.93 7040.863420
5.91 7038.709770
6.90 7036.576884
7.88 7034.464520
8.88 7032.372441
9.86 7030.300409
10.84 7028.248186
11.84 7026.215547
12.81 7024.202257
13.79 7022.208095
14.77 7020.232840
15.76 7018.276270
16.78 7016.338168
17.80 7014.418327
18.83 7012.516530
19.85 7010.632572
20.87 7008.766247
21.91 7006.917353
22.96 7005.085686
24.07 7003.271056
25.06 7001.473262
26.04 6999.692113
27.03 6997.927426
28.00 6996.179008
28.98 6994.446669
29.96 6992.730234
30.94 6991.029520
31.92 6989.344355
32.90 6987.674553
33.88 6986.019946
34.86 6984.380367
35.83 6982.755639
36.81 6981.145603
37.79 6979.550090
38.77 6977.968938
39.77 6976.401986
40.76 6974.849078
41.75 6973.310058
42.73 6971.784766
43.71 6970.273057
44.70 6968.774775
45.68 6967.289774
46.66 6965.817905
47.64 6964.359024
48.62 6962.912992
49.60 6961.479661
50.58 6960.058897
51.56 6958.650559
52.54 6957.254512
53.52 6955.870620
54.50 6954.498754
55.49 6953.138781
56.47 6951.790571
57.45 6950.453994
58.43 6949.128932
59.41 6947.815252
60.38 6946.512834
61.38 6945.221554
62.38 6943.941299
63.38 6942.671943
64.36 6941.413371
65.34 6940.165466
66.32 6938.928120
67.30 6937.701214
68.29 6936.484636
69.27 6935.278278
70.26 6934.082036
71.26 6932.895792
72.24 6931.719451
73.22 6930.552899
74.20 6929.396039
75.19 6928.248766
76.17 6927.110977
77.15 6925.982574
78.14 6924.863462
79.12 6923.753535
80.11 6922.652702
81.10 6921.560872
82.07 6920.477943
83.05 6919.403827
84.03 6918.338433
85.03 6917.281663
86.01 6916.233436
87.00 6915.193661
88.02 6914.162249
89.02 6913.139113
90.01 6912.124172
90.99 6911.117337
91.98 6910.118527
92.98 6909.127658
93.99 6908.144651
95.00 6907.169420
96.02 6906.201896
97.04 6905.241992
98.04 6904.289631
99.10 6903.344741
100.16 6902.407238
101.17 6901.477057
102.18 6900.554117
103.17 6899.638346
104.15 6898.729677
105.14 6897.828030
106.15 6896.933338
107.19 6896.045533
108.18 6895.164546
109.17 6894.290304
110.21 6893.422747
111.24 6892.561804
112.25 6891.707409
113.26 6890.859495
114.30 6890.017999
115.32 6889.182865
116.36 6888.354018
117.46 6887.531403
118.48 6886.714958
119.55 6885.904618
120.55 6885.100328
121.55 6884.302028
122.59 6883.509655
123.70 6882.723157
124.73 6881.942473
125.74 6881.167546
126.82 6880.398320
127.85 6879.634740
129.01 6878.876755
130.01 6878.124305
131.01 6877.377339
132.02 6876.635801
133.05 6875.899643
134.05 6875.168816
135.04 6874.443258
136.07 6873.722927
137.05 6873.007771
138.03 6872.297742
139.04 6871.592788
140.01 6870.892859
140.99 6870.197914
141.96 6869.507895
142.94 6868.822768
143.91 6868.142477
144.88 6867.466980
145.85 6866.796234
146.82 6866.130189
147.79 6865.468803
148.77 6864.812032
149.75 6864.159836
150.74 6863.512166
151.73 6862.868983
152.73 6862.230247
153.74 6861.595912
154.79 6860.965939
155.93 6860.340290
156.92 6859.718919
157.92 6859.101798
158.94 6858.488874
159.98 6857.880114
160.97 6857.275480
161.94 6856.674932
162.90 6856.078438
163.88 6855.485953
164.90 6854.897447
165.90 6854.312878
166.93 6853.732216
167.92 6853.155416
168.90 6852.582453
169.91 6852.013288
170.90 6851.447888
171.88 6850.886214
172.89 6850.328236
173.95 6849.773923
174.99 6849.223236
176.06 6848.676147
177.10 6848.132623
178.16 6847.592629
179.22 6847.056140
180.27 6846.523115
181.26 6845.993534
182.24 6845.467356
183.27 6844.944557
184.25 6844.425105
185.24 6843.908972
186.22 6843.396121
187.36 6842.886534
188.34 6842.380179
189.31 6841.877021
190.30 6841.377043
191.28 6840.880204
192.27 6840.386491
193.25 6839.895861
194.23 6839.408298
195.22 6838.923772
196.19 6838.442258
197.18 6837.963727
198.16 6837.488153
199.14 6837.015512
200.13 6836.545781
201.12 6836.078931
202.11 6835.614937
203.10 6835.153777
204.09 6834.695425
205.08 6834.239858
206.06 6833.787051
207.04 6833.336978
208.04 6832.889617
209.04 6832.444954
210.02 6832.002953
211.00 6831.563598
211.99 6831.126864
212.97 6830.692728
213.95 6830.261169
214.94 6829.832173
215.92 6829.405702
216.90 6828.981752
217.88 6828.560288
218.86 6828.141300
219.84 6827.724759
220.82 6827.310649
221.80 6826.898947
222.78 6826.489637
223.76 6826.082695
224.74 6825.678098
225.72 6825.275837
226.70 6824.875884
227.68 6824.478225
228.65 6824.082838
229.64 6823.689704
230.62 6823.298806
231.61 6822.910124
232.61 6822.523644
233.63 6822.139342
234.64 6821.757204
235.64 6821.377214
236.64 6820.999347
237.63 6820.623592
238.62 6820.249930
239.60 6819.878346
240.58 6819.508819
241.57 6819.141336
242.54 6818.775880
243.52 6818.412432
244.50 6818.050982
245.49 6817.691505
246.46 6817.333990
247.44 6816.978423
248.42 6816.624789
249.40 6816.273067
250.39 6815.923246
251.37 6815.575310
252.35 6815.229241
253.33 6814.885030
254.31 6814.542658
255.31 6814.202114
256.31 6813.863377
257.30 6813.526438
258.30 6813.191285
259.30 6812.857896
260.31 6812.526267
261.31 6812.196374
262.32 6811.868215
263.32 6811.541767
264.31 6811.217019
265.32 6810.893957
266.33 6810.572574
267.32 6810.252848
268.31 6809.934772
269.30 6809.618333
270.29 6809.303517
271.28 6808.990309
272.27 6808.678702
273.27 6808.368678
274.27 6808.060229
275.27 6807.753343
276.26 6807.448006
277.27 6807.144206
278.29 6806.841936
279.30 6806.541178
280.29 6806.241923
281.27 6805.944160
282.27 6805.647879
283.27 6805.353066
284.26 6805.059710
285.24 6804.767805
286.23 6804.477332
287.23 6804.188285
288.23 6803.900655
289.23 6803.614429
290.23 6803.329596
291.22 6803.046145
292.20 6802.764068
293.19 6802.483356
294.17 6802.203996
295.15 6801.925978
296.13 6801.649296
297.11 6801.373931
298.09 6801.099879
299.07 6800.827136
300.05 6800.555685
301.03 6800.285516
302.01 6800.016628
302.99 6799.749000
303.97 6799.482629
304.97 6799.217505
305.98 6798.953621
306.99 6798.690966
308.01 6798.429533
309.01 6798.169310
310.01 6797.910290
311.10 6797.652461
312.13 6797.395822
313.17 6797.140359
314.15 6796.886064
315.16 6796.632926
316.16 6796.380943
317.14 6796.130104
318.12 6795.880398
319.10 6795.631820
320.08 6795.384362
321.06 6795.138014
322.12 6794.892773
323.12 6794.648621
324.11 6794.405567
325.10 6794.163583
326.08 6793.922677
327.08 6793.682836
328.10 6793.444052
329.12 6793.206316
330.10 6792.969625
331.09 6792.733970
332.10 6792.499342
333.12 6792.265733
334.11 6792.033141
335.11 6791.801556
336.13 6791.570973
337.13 6791.341380
338.19 6791.112774
339.17 6790.885146
340.16 6790.658492
341.19 6790.432807
342.19 6790.208079
343.17 6789.984300
344.15 6789.761475
345.13 6789.539583
346.12 6789.318629
347.13 6789.098599
348.14 6788.879491
349.13 6788.661297
350.12 6788.444014
351.10 6788.227631
352.08 6788.012143
353.06 6787.797548
354.04 6787.583838
355.02 6787.371001
356.00 6787.159041
356.99 6786.947943
357.96 6786.737708
358.95 6786.528328
359.93 6786.319800
360.90 6786.112112
361.88 6785.905262
362.86 6785.699246
363.84 6785.494058
364.82 6785.289688
365.80 6785.086138
366.78 6784.883394
367.76 6784.681462
368.74 6784.480325
369.72 6784.279984
370.70 6784.080430
371.68 6783.881664
372.66 6783.683676
373.64 6783.486463
374.62 6783.290017
375.60 6783.094339
376.58 6782.899417
377.55 6782.705251
378.53 6782.511834
379.51 6782.319162
380.49 6782.127228
381.46 6781.936032
382.45 6781.745564
383.44 6781.555825
384.41 6781.366804
385.40 6781.178502
386.38 6780.990912
387.36 6780.804026
388.34 6780.617845
389.31 6780.432362
390.29 6780.247575
391.27 6780.063476
392.25 6779.880061
393.22 6779.697330
394.20 6779.515271
395.18 6779.333893
396.16 6779.153177
397.14 6778.973125
398.12 6778.793735
399.09 6778.614998
400.07 6778.436916
401.05 6778.259480
402.03 6778.082690
403.01 6777.906535
403.99 6777.731018
404.96 6777.556134
405.94 6777.381877
406.92 6777.208244
407.89 6777.035230
408.92 6776.862836
409.93 6776.691051
410.93 6776.519877
411.93 6776.349306
412.93 6776.179341
413.93 6776.009969
414.93 6775.841193
415.92 6775.673006
416.89 6775.505409
417.87 6775.338396
418.85 6775.171959
419.83 6775.006101
420.81 6774.840815
421.78 6774.676099
422.76 6774.511952
423.74 6774.348362
424.72 6774.185333
425.69 6774.022860
426.67 6773.860944
427.65 6773.699573
428.62 6773.538749
429.60 6773.378468
430.58 6773.218728
431.56 6773.059525
432.53 6772.900853
433.51 6772.742714
434.49 6772.585100
435.47 6772.428011
436.45 6772.271444
437.43 6772.115393
438.45 6771.959856
439.43 6771.804835
440.40 6771.650319
441.38 6771.496312
442.36 6771.342808
443.33 6771.189802
444.31 6771.037294
445.28 6770.885278
446.26 6770.733757
447.25 6770.582722
448.22 6770.432176
449.20 6770.282112
450.17 6770.132529
451.15 6769.983422
452.15 6769.834790
453.16 6769.686633
454.15 6769.538941
455.17 6769.391718
456.18 6769.244959
457.17 6769.098660
458.15 6768.952823
459.12 6768.807441
460.10 6768.662514
461.08 6768.518035
462.06 6768.374006
463.03 6768.230426
464.01 6768.087286
464.99 6767.944589
465.97 6767.802331
466.95 6767.660508
467.92 6767.519121
468.90 6767.378164
469.88 6767.237637
470.85 6767.097537
471.83 6766.957860
472.80 6766.818607
473.78 6766.679774
474.75 6766.541356
475.73 6766.403353
476.71 6766.265764
477.69 6766.128585
478.66 6765.991814
479.64 6765.855452
480.61 6765.719491
481.59 6765.583932
482.56 6765.448775
483.54 6765.314013
484.54 6765.179645
485.54 6765.045673
486.54 6764.912096
487.54 6764.778899
488.53 6764.646093
489.53 6764.513672
490.53 6764.381633
491.52 6764.249977
492.50 6764.118698
493.47 6763.987793
494.45 6763.857264
495.43 6763.727111
496.41 6763.597327
497.39 6763.467910
498.38 6763.338861
499.36 6763.210178
500.35 6763.081852
501.32 6762.953893
502.30 6762.826294
503.28 6762.699047
504.25 6762.572158
505.23 6762.445624
506.21 6762.319439
507.19 6762.193608
508.17 6762.068119
509.14 6761.942980
510.12 6761.818186
511.10 6761.693734
512.08 6761.569621
513.06 6761.445849
514.04 6761.322413
515.02 6761.199315
515.99 6761.076548
516.97 6760.954114
517.95 6760.832013
518.93 6760.710240
519.91 6760.588793
520.88 6760.467669
521.86 6760.346873
522.84 6760.226395
523.81 6760.106245
524.79 6759.986406
525.77 6759.866887
526.74 6759.747685
527.72 6759.628800
528.69 6759.510222
529.67 6759.391958
530.64 6759.274002
531.62 6759.156355
532.60 6759.039016
533.57 6758.921979
534.55 6758.805245
535.53 6758.688813
536.50 6758.572684
537.48 6758.456852
538.45 6758.341317
539.43 6758.226080
540.40 6758.111137
541.38 6757.996485
542.36 6757.882127
543.33 6757.768061
544.31 6757.654279
545.28 6757.540787
546.26 6757.427581
547.23 6757.314657
548.21 6757.202019
549.18 6757.089661
550.16 6756.977585
551.14 6756.865789
552.11 6756.754267
553.09 6756.643027
554.07 6756.532058
555.05 6756.421363
556.02 6756.310941
557.00 6756.200789
557.97 6756.090909
558.95 6755.981299
559.92 6755.871950
560.90 6755.762873
561.87 6755.654058
562.85 6755.545508
563.83 6755.437221
564.80 6755.329195
565.78 6755.221424
566.75 6755.113919
567.73 6755.006665
568.70 6754.899669
569.68 6754.792929
570.66 6754.686444
571.63 6754.580209
572.61 6754.474227
573.58 6754.368494
574.56 6754.263011
575.53 6754.157775
576.51 6754.052786
577.49 6753.948045
578.46 6753.843544
579.44 6753.739293
580.41 6753.635279
581.39 6753.531507
582.36 6753.427979
583.34 6753.324683
584.31 6753.221629
585.29 6753.118812
586.26 6753.016229
587.24 6752.913882
588.21 6752.811768
589.19 6752.709886
590.17 6752.608236
591.14 6752.506818
592.12 6752.405626
593.09 6752.304663
594.07 6752.203931
595.04 6752.103424
596.02 6752.003142
596.99 6751.903083
598.00 6751.803247
599.08 6751.703633
600.13 6751.604241
601.18 6751.505071
602.16 6751.406120
603.40 6751.307383
604.38 6751.208868
605.36 6751.110570
606.34 6751.012486
607.32 6750.914615
608.31 6750.816959
609.29 6750.719515
610.26 6750.622283
611.24 6750.525263
612.22 6750.428453
613.20 6750.331848
614.18 6750.235454
615.15 6750.139269
616.13 6750.043288
617.12 6749.947511
618.11 6749.851945
619.14 6749.756575
620.15 6749.661411
621.14 6749.566450
622.12 6749.471690
623.10 6749.377126
624.09 6749.282764
625.07 6749.188599
626.06 6749.094633
627.03 6749.000864
628.01 6748.907291
628.98 6748.813913
629.96 6748.720730
630.93 6748.627740
631.91 6748.534941
632.89 6748.442335
633.86 6748.349920
634.84 6748.257694
635.82 6748.165659
636.79 6748.073811
637.77 6747.982154
638.74 6747.890684
639.72 6747.799395
640.70 6747.708290
641.67 6747.617377
642.65 6747.526647
643.68 6747.436100
644.73 6747.345730
645.80 6747.255544
646.81 6747.165542
647.81 6747.075721
648.80 6746.986072
649.80 6746.896609
650.80 6746.807321
651.77 6746.718211
652.75 6746.629274
653.72 6746.540519
654.70 6746.451937
655.68 6746.363527
656.66 6746.275293
657.64 6746.187228
658.61 6746.099341
659.59 6746.011623
660.57 6745.924074
661.54 6745.836696
662.52 6745.749490
663.49 6745.662450
664.47 6745.575580
665.45 6745.488876
666.43 6745.402340
667.40 6745.315971
668.38 6745.229765
669.36 6745.143724
670.34 6745.057849
671.33 6744.972136
672.32 6744.886588
673.30 6744.801199
674.28 6744.715974
675.31 6744.630911
676.32 6744.546005
677.33 6744.461260
678.34 6744.376677
679.34 6744.292248
680.33 6744.207977
681.31 6744.123866
682.31 6744.039911
683.31 6743.956112
684.34 6743.872466
685.37 6743.788978
686.43 6743.705641
687.45 6743.622459
688.47 6743.539430
689.45 6743.456556
690.44 6743.373831
691.42 6743.291259
692.40 6743.208837
693.38 6743.126563
694.35 6743.044441
695.33 6742.962466
696.31 6742.880639
697.29 6742.798967
698.27 6742.717435
699.25 6742.636048
700.22 6742.554811
701.21 6742.473719
702.18 6742.392774
703.16 6742.311968
704.19 6742.231312
705.22 6742.150797
706.21 6742.070423
707.21 6741.990194
708.21 6741.910107
709.22 6741.830160
710.23 6741.750353
711.23 6741.670688
712.21 6741.591163
713.18 6741.511773
714.18 6741.432527
715.15 6741.353415
716.13 6741.274445
717.13 6741.195610
718.11 6741.116911
719.08 6741.038351
720.08 6740.959922
721.06 6740.881631
722.05 6740.803475
723.03 6740.725450
724.01 6740.647561
724.98 6740.569808
725.97 6740.492182
726.99 6740.414695
728.01 6740.337334
729.03 6740.260108
730.04 6740.183010
731.01 6740.106042
731.99 6740.029207
732.97 6739.952500
733.94 6739.875921
734.92 6739.799471
735.89 6739.723149
736.87 6739.646954
737.85 6739.570889
738.82 6739.494948
739.80 6739.419134
740.83 6739.343445
741.84 6739.267882
742.86 6739.192443
743.85 6739.117131
744.85 6739.041938
745.85 6738.966874
746.85 6738.891931
747.83 6738.817110
748.81 6738.742408
749.79 6738.667834
750.77 6738.593379
751.74 6738.519046
752.72 6738.444834
753.70 6738.370740
754.67 6738.296766
755.65 6738.222913
756.63 6738.149177
757.60 6738.075562
758.58 6738.002066
759.55 6737.928682
760.53 6737.855419
761.51 6737.782271
762.49 6737.709239
763.47 6737.636327
764.44 6737.563528
765.41 6737.490847
766.39 6737.418278
767.36 6737.345823
768.34 6737.273485
769.32 6737.201259
770.29 6737.129147
771.27 6737.057146
772.24 6736.985262
773.22 6736.913485
774.19 6736.841822
775.17 6736.770272
776.14 6736.698831
777.12 6736.627503
778.10 6736.556283
779.07 6736.485172
780.05 6736.414174
781.04 6736.343284
782.02 6736.272505
783.02 6736.201831
784.01 6736.131266
785.00 6736.060808
785.97 6735.990460
786.95 6735.920218
787.92 6735.850080
788.90 6735.780052
789.87 6735.710129
790.85 6735.640312
791.82 6735.570601
792.80 6735.500994
793.78 6735.431492
794.75 6735.362094
795.73 6735.292800
796.70 6735.223608
797.68 6735.154524
798.68 6735.085537
799.68 6735.016656
800.67 6734.947879
801.67 6734.879201
802.68 6734.810627
803.67 6734.742150
804.67 6734.673780
805.66 6734.605509
806.64 6734.537338
807.62 6734.469264
808.59 6734.401291
809.57 6734.333422
810.55 6734.265646
811.52 6734.197973
812.50 6734.130395
813.48 6734.062919
814.45 6733.995538
815.44 6733.928256
816.42 6733.861071
817.39 6733.793983
818.37 6733.726989
819.34 6733.660095
820.32 6733.593296
821.30 6733.526592
822.27 6733.459983
823.25 6733.393470
824.23 6733.327053
825.20 6733.260730
826.18 6733.194500
827.16 6733.128367
828.13 6733.062323
829.11 6732.996374
830.09 6732.930519
831.07 6732.864756
832.04 6732.799088
833.02 6732.733512
833.99 6732.668026
834.97 6732.602631
835.94 6732.537328
836.92 6732.472118
837.89 6732.407001
838.88 6732.341968
839.87 6732.277029
840.84 6732.212179
841.82 6732.147420
842.80 6732.082748
843.78 6732.018168
844.77 6731.953677
845.76 6731.889269
846.76 6731.824957
847.76 6731.760730
848.74 6731.696591
849.73 6731.632540
850.73 6731.568578
851.71 6731.504703
852.69 6731.440911
853.66 6731.377209
854.64 6731.313590
855.62 6731.250059
856.60 6731.186612
857.58 6731.123255
858.56 6731.059980
859.54 6730.996789
860.52 6730.933687
861.50 6730.870667
862.49 6730.807732
863.47 6730.744879
864.46 6730.682113
865.43 6730.619428
866.41 6730.556825
867.38 6730.494309
868.37 6730.431876
869.34 6730.369523
870.32 6730.307255
871.30 6730.245066
872.28 6730.182960
873.28 6730.120938
874.26 6730.058995
875.26 6729.997133
876.27 6729.935352
877.26 6729.873653
878.24 6729.812034
879.21 6729.750497
880.19 6729.689037
881.16 6729.627659
882.14 6729.566359
883.13 6729.505142
884.11 6729.444002
885.10 6729.382936
886.07 6729.321956
887.06 6729.261052
888.05 6729.200221
889.03 6729.139477
890.00 6729.078806
890.98 6729.018212
891.95 6728.957698
892.96 6728.897257
893.97 6728.836896
894.99 6728.776612
896.01 6728.716404
896.99 6728.656271
897.97 6728.596215
898.97 6728.536238
899.97 6728.476331
900.95 6728.416503
901.94 6728.356751
902.92 6728.297071
903.90 6728.237470
904.90 6728.177938
905.90 6728.118486
906.88 6728.059106
907.86 6727.999800
908.84 6727.940568
909.83 6727.881408
910.82 6727.822325
911.82 6727.763312
912.80 6727.704375
913.78 6727.645507
914.76 6727.586713
915.78 6727.527994
916.79 6727.469343
917.80 6727.410768
918.81 6727.352263
919.82 6727.293829
920.82 6727.235469
921.82 6727.177179
922.80 6727.118958
923.81 6727.060809
924.87 6727.002734
925.87 6726.944727
926.86 6726.886789
927.84 6726.828920
928.83 6726.771122
929.82 6726.713398
930.82 6726.655739
931.80 6726.598153
932.78 6726.540635
933.76 6726.483185
934.74 6726.425803
935.71 6726.368491
936.70 6726.311247
937.71 6726.254072
938.73 6726.196964
939.74 6726.139926
940.76 6726.082957
941.76 6726.026052
942.75 6725.969215
943.76 6725.912445
944.75 6725.855744
945.74 6725.799110
946.72 6725.742540
947.71 6725.686040
948.69 6725.629605
949.68 6725.573232
950.67 6725.516933
951.65 6725.460695
952.64 6725.404523
953.62 6725.348415
954.61 6725.292377
955.59 6725.236400
956.58 6725.180491
957.59 6725.124647
958.61 6725.068866
959.62 6725.013150
960.64 6724.957497
961.65 6724.901912
962.67 6724.846388
963.68 6724.790928
964.67 6724.735532
965.65 6724.680202
966.64 6724.624931
967.62 6724.569728
968.61 6724.514585
969.60 6724.459507
970.60 6724.404488
971.59 6724.349535
972.58 6724.294647
973.57 6724.239817
974.56 6724.185047
975.55 6724.130344
976.54 6724.075701
977.53 6724.021119
978.52 6723.966600
979.51 6723.912141
980.50 6723.857745
981.49 6723.803412
982.48 6723.749133
983.47 6723.694920
984.45 6723.640768
985.44 6723.586676
986.42 6723.532643
987.41 6723.478670
988.39 6723.424756
989.37 6723.370906
