0.00 7051.951959
7.72 6516.247754
15.34 6483.832589
22.95 6470.675762
30.59 6465.006968
38.31 6460.009980
45.99 6457.586820
53.62 6455.542009
61.34 6453.806291
69.18 6452.321227
76.86 6451.042045
84.59 6449.932461
92.41 6448.963409
100.09 6448.111128
107.80 6447.356314
115.51 6446.683382
123.35 6446.079981
131.02 6445.536444
138.67 6445.045188
146.32 6444.600161
153.96 6444.196415
161.61 6443.829810
169.25 6443.496791
176.90 6443.194264
184.54 6442.919510
192.18 6442.670099
199.83 6442.443830
207.54 6442.238704
215.23 6442.052898
222.91 6441.884747
230.60 6441.732734
238.35 6441.595469
246.08 6441.471742
253.73 6441.360146
261.39 6441.261697
