0.00 7051.951959
5.13 6733.021839
10.16 6666.571529
15.20 6650.484038
20.36 6642.140820
25.66 6637.092389
30.95 6633.890776
36.52 6631.470392
42.08 6629.434202
47.61 6627.662251
53.21 6626.096989
58.76 6624.697615
64.08 6623.433491
69.46 6622.281175
74.81 6621.222376
80.38 6620.242606
85.87 6619.330312
91.64 6618.476263
98.41 6617.673005
104.52 6616.914456
110.86 6616.195565
117.16 6615.512106
123.47 6614.860508
129.79 6614.237730
136.28 6613.641157
142.38 6613.068531
148.13 6612.517887
153.56 6611.987507
158.94 6611.475884
164.38 6610.981675
169.93 6610.503704
175.56 6610.040910
180.94 6609.592349
186.41 6609.157170
191.87 6608.734611
