0.00 2096.038704
0.81 2090.971613
1.62 2086.358115
2.44 2082.137019
3.25 2078.257489
4.06 2074.677076
4.87 2071.360140
5.68 2068.276596
6.49 2065.400908
7.30 2062.711280
8.11 2060.189004
8.93 2057.817939
9.74 2055.584080
10.55 2053.475214
11.36 2051.480636
12.17 2049.590918
12.98 2047.797717
13.79 2046.093619
14.60 2044.472004
15.42 2042.926943
16.23 2041.453100
17.04 2040.045659
17.85 2038.700261
18.66 2037.412941
19.47 2036.180089
20.29 2034.998407
21.10 2033.864870
21.91 2032.776705
22.72 2031.731356
23.53 2030.726465
24.34 2029.759855
25.15 2028.829508
25.96 2027.933551
26.77 2027.070244
27.59 2026.237967
28.40 2025.435207
29.21 2024.660555
30.02 2023.912689
30.83 2023.190373
31.64 2022.492446
32.45 2021.817821
33.27 2021.165471
34.08 2020.534433
34.89 2019.923798
35.72 2019.332707
36.53 2018.760352
37.35 2018.205965
38.16 2017.668823
38.98 2017.148237
39.81 2016.643557
40.65 2016.154165
41.48 2015.679474
42.30 2015.218926
43.11 2014.771990
43.92 2014.338160
44.73 2013.916956
45.57 2013.507918
46.40 2013.110609
47.23 2012.724609
48.07 2012.349520
48.90 2011.984960
49.74 2011.630564
50.58 2011.285982
51.42 2010.950879
52.26 2010.624935
53.10 2010.307843
53.94 2009.999307
54.77 2009.699046
55.60 2009.406787
56.42 2009.122269
57.24 2008.845243
58.06 2008.575468
58.89 2008.312711
59.71 2008.056751
60.53 2007.807373
61.36 2007.564370
62.18 2007.327544
63.00 2007.096703
63.84 2006.871663
64.66 2006.652247
65.49 2006.438282
66.31 2006.229603
67.13 2006.026051
67.94 2005.827472
68.76 2005.633717
69.57 2005.444642
70.38 2005.260110
71.20 2005.079985
72.01 2004.904139
72.83 2004.732447
73.64 2004.564787
74.45 2004.401043
75.27 2004.241102
76.08 2004.084855
76.90 2003.932195
77.72 2003.783020
78.56 2003.637231
79.45 2003.494733
80.32 2003.355432
81.17 2003.219238
82.05 2003.086065
82.92 2002.955828
83.80 2002.828445
84.64 2002.703837
85.47 2002.581928
86.29 2002.462643
87.12 2002.345909
87.93 2002.231658
88.75 2002.119821
89.58 2002.010333
90.40 2001.903129
91.22 2001.798148
92.04 2001.695331
92.86 2001.594618
93.67 2001.495953
94.49 2001.399283
95.30 2001.304552
96.12 2001.211710
96.94 2001.120707
97.76 2001.031494
98.58 2000.944023
99.39 2000.858249
100.20 2000.774128
101.01 2000.691615
101.83 2000.610669
102.64 2000.531250
103.46 2000.453317
104.28 2000.376832
105.10 2000.301757
105.91 2000.228056
106.74 2000.155694
107.56 2000.084636
108.37 2000.014848
109.19 1999.946299
110.00 1999.878957
110.82 1999.812791
111.67 1999.747770
112.49 1999.683867
113.31 1999.621052
114.13 1999.559299
114.94 1999.498580
115.76 1999.438870
116.59 1999.380143
117.45 1999.322375
118.29 1999.265541
119.12 1999.209618
119.94 1999.154585
120.76 1999.100417
121.58 1999.047095
122.41 1998.994598
123.24 1998.942904
124.06 1998.891994
124.89 1998.841849
125.70 1998.792450
126.52 1998.743778
127.34 1998.695817
128.18 1998.648548
129.03 1998.601955
129.86 1998.556021
130.71 1998.510731
131.54 1998.466068
132.38 1998.422018
133.21 1998.378565
134.04 1998.335696
134.88 1998.293396
135.71 1998.251651
136.52 1998.210449
137.34 1998.169777
138.16 1998.129620
138.98 1998.089969
139.80 1998.050809
140.62 1998.012130
141.45 1997.973921
142.27 1997.936169
143.10 1997.898865
143.93 1997.861998
144.76 1997.825557
145.65 1997.789532
146.49 1997.753914
147.30 1997.718693
148.12 1997.683860
148.93 1997.649406
149.74 1997.615322
150.55 1997.581598
151.42 1997.548228
152.26 1997.515203
153.11 1997.482514
153.94 1997.450154
154.75 1997.418115
155.56 1997.386391
156.37 1997.354973
157.18 1997.323854
158.00 1997.293029
158.81 1997.262489
159.63 1997.232229
160.45 1997.202243
161.27 1997.172523
162.09 1997.143064
162.92 1997.113860
163.77 1997.084905
164.60 1997.056194
165.41 1997.027721
166.22 1996.999480
167.04 1996.971467
167.85 1996.943677
168.67 1996.916103
169.48 1996.888742
170.30 1996.861589
171.11 1996.834639
171.93 1996.807888
172.74 1996.781331
173.55 1996.754963
174.37 1996.728782
175.18 1996.702782
175.99 1996.676959
176.81 1996.651310
177.63 1996.625831
178.44 1996.600518
179.26 1996.575368
180.07 1996.550377
180.89 1996.525541
181.73 1996.500857
182.60 1996.476322
183.48 1996.451933
184.33 1996.427686
185.19 1996.403579
186.02 1996.379608
186.90 1996.355770
187.73 1996.332063
188.57 1996.308484
189.40 1996.285030
190.22 1996.261698
191.04 1996.238487
191.85 1996.215392
192.67 1996.192412
193.50 1996.169545
194.31 1996.146788
195.12 1996.124138
196.00 1996.101594
196.83 1996.079154
197.66 1996.056814
198.47 1996.034573
199.30 1996.012430
200.11 1995.990381
200.93 1995.968426
201.74 1995.946561
202.56 1995.924786
203.37 1995.903098
204.18 1995.881496
204.99 1995.859978
205.81 1995.838542
206.62 1995.817187
207.43 1995.795910
208.24 1995.774711
209.06 1995.753588
209.87 1995.732539
210.69 1995.711563
211.50 1995.690658
212.31 1995.669823
213.12 1995.649057
213.93 1995.628358
214.74 1995.607725
215.56 1995.587156
216.38 1995.566651
217.19 1995.546209
218.00 1995.525827
218.81 1995.505505
219.62 1995.485241
220.54 1995.465035
221.45 1995.444886
222.37 1995.424792
223.29 1995.404752
224.20 1995.384766
225.12 1995.364832
226.04 1995.344949
226.96 1995.325117
227.87 1995.305334
228.80 1995.285600
229.67 1995.265913
230.48 1995.246273
231.30 1995.226680
232.11 1995.207131
232.92 1995.187627
233.73 1995.168166
234.54 1995.148748
235.36 1995.129372
236.17 1995.110037
236.99 1995.090743
237.80 1995.071488
238.61 1995.052273
239.42 1995.033096
240.24 1995.013957
241.05 1994.994855
241.86 1994.975790
242.67 1994.956760
243.48 1994.937766
244.29 1994.918807
245.10 1994.899882
245.92 1994.880990
246.73 1994.862131
247.54 1994.843305
248.35 1994.824511
249.16 1994.805749
249.98 1994.787017
250.79 1994.768316
251.60 1994.749644
252.41 1994.731003
253.22 1994.712390
254.03 1994.693806
254.84 1994.675250
255.65 1994.656722
256.46 1994.638221
257.28 1994.619747
258.09 1994.601299
258.90 1994.582878
259.71 1994.564482
260.53 1994.546112
261.34 1994.527767
262.15 1994.509446
262.96 1994.491150
263.79 1994.472877
264.60 1994.454628
265.42 1994.436403
266.23 1994.418200
267.03 1994.400020
267.84 1994.381862
268.66 1994.363726
269.47 1994.345612
270.28 1994.327520
271.09 1994.309448
271.90 1994.291398
272.72 1994.273368
273.53 1994.255358
274.34 1994.237369
275.15 1994.219399
276.01 1994.201449
276.94 1994.183519
277.78 1994.165607
278.62 1994.147715
279.46 1994.129841
280.30 1994.111985
281.13 1994.094148
281.96 1994.076328
282.80 1994.058527
283.63 1994.040743
284.46 1994.022976
285.30 1994.005227
286.14 1993.987495
286.97 1993.969779
287.80 1993.952081
288.64 1993.934398
289.47 1993.916732
290.34 1993.899083
291.26 1993.881449
292.09 1993.863831
292.91 1993.846228
293.73 1993.828641
294.55 1993.811070
295.37 1993.793513
296.18 1993.775972
297.00 1993.758446
297.82 1993.740934
298.63 1993.723437
299.44 1993.705954
300.25 1993.688486
301.06 1993.671032
301.87 1993.653592
302.68 1993.636166
303.49 1993.618754
304.29 1993.601356
305.10 1993.583971
305.91 1993.566600
306.73 1993.549242
307.54 1993.531898
308.36 1993.514567
309.21 1993.497249
310.04 1993.479943
310.86 1993.462651
311.68 1993.445372
312.50 1993.428105
313.32 1993.410851
314.13 1993.393609
314.94 1993.376380
315.75 1993.359163
316.56 1993.341958
317.38 1993.324765
318.18 1993.307585
318.99 1993.290417
319.80 1993.273260
320.64 1993.256115
321.45 1993.238982
322.26 1993.221861
323.07 1993.204752
323.88 1993.187654
324.68 1993.170567
325.49 1993.153492
326.32 1993.136428
327.13 1993.119375
327.93 1993.102334
328.74 1993.085304
329.55 1993.068285
330.36 1993.051277
331.17 1993.034280
331.99 1993.017293
332.80 1993.000318
333.62 1992.983353
334.42 1992.966400
335.23 1992.949457
336.05 1992.932524
336.87 1992.915602
337.69 1992.898691
338.51 1992.881790
339.33 1992.864900
340.15 1992.848020
340.97 1992.831150
341.79 1992.814290
342.61 1992.797441
343.43 1992.780602
344.25 1992.763774
345.07 1992.746955
345.88 1992.730146
346.69 1992.713348
347.50 1992.696559
348.30 1992.679781
349.11 1992.663012
349.92 1992.646253
350.73 1992.629504
351.54 1992.612765
352.35 1992.596036
353.16 1992.579316
353.97 1992.562607
354.78 1992.545906
355.58 1992.529216
356.39 1992.512535
357.20 1992.495863
358.01 1992.479202
358.82 1992.462549
359.63 1992.445906
360.44 1992.429273
361.25 1992.412649
362.06 1992.396035
362.87 1992.379429
363.67 1992.362834
364.48 1992.346247
365.29 1992.329670
366.09 1992.313102
366.90 1992.296543
367.71 1992.279994
368.52 1992.263453
369.33 1992.246922
370.14 1992.230400
370.94 1992.213887
371.75 1992.197383
372.56 1992.180889
373.37 1992.164403
374.18 1992.147926
374.98 1992.131459
375.79 1992.115000
376.61 1992.098550
377.43 1992.082110
378.25 1992.065678
379.06 1992.049255
379.88 1992.032841
380.70 1992.016436
381.52 1992.000039
382.33 1991.983652
383.15 1991.967273
383.96 1991.950903
384.77 1991.934542
385.58 1991.918190
386.39 1991.901846
387.20 1991.885511
388.01 1991.869185
388.82 1991.852867
389.65 1991.836559
390.47 1991.820258
391.28 1991.803967
392.09 1991.787684
392.91 1991.771410
393.72 1991.755144
394.53 1991.738887
395.35 1991.722638
396.16 1991.706398
396.97 1991.690167
397.78 1991.673944
398.60 1991.657730
399.41 1991.641524
400.22 1991.625326
401.04 1991.609137
401.85 1991.592957
402.66 1991.576785
403.48 1991.560621
404.29 1991.544466
405.10 1991.528319
405.92 1991.512181
406.73 1991.496051
407.54 1991.479929
408.34 1991.463816
409.15 1991.447711
409.96 1991.431615
410.77 1991.415526
411.58 1991.399447
412.38 1991.383375
413.19 1991.367312
414.00 1991.351257
414.81 1991.335210
415.62 1991.319172
416.43 1991.303141
417.24 1991.287119
418.05 1991.271106
418.86 1991.255100
419.67 1991.239103
420.48 1991.223114
421.29 1991.207133
422.11 1991.191161
422.91 1991.175196
423.72 1991.159240
424.53 1991.143292
425.33 1991.127352
426.14 1991.111420
426.95 1991.095496
427.76 1991.079580
428.57 1991.063673
429.38 1991.047774
430.19 1991.031882
431.00 1991.015999
431.81 1991.000124
432.61 1990.984257
433.43 1990.968398
434.24 1990.952547
435.04 1990.936705
435.85 1990.920870
436.66 1990.905043
437.47 1990.889224
438.28 1990.873414
439.09 1990.857611
439.89 1990.841816
440.70 1990.826030
441.51 1990.810251
442.31 1990.794480
443.13 1990.778718
443.94 1990.762963
444.75 1990.747216
445.56 1990.731477
446.37 1990.715746
447.18 1990.700023
447.98 1990.684308
448.79 1990.668601
449.60 1990.652902
450.41 1990.637211
451.22 1990.621528
452.03 1990.605852
452.84 1990.590185
453.65 1990.574525
454.46 1990.558873
455.26 1990.543229
456.07 1990.527593
456.88 1990.511965
457.69 1990.496345
458.50 1990.480732
459.31 1990.465128
460.12 1990.449531
460.93 1990.433942
461.73 1990.418361
462.54 1990.402787
463.35 1990.387222
464.16 1990.371664
464.97 1990.356114
465.77 1990.340572
466.58 1990.325038
467.40 1990.309511
468.20 1990.293993
469.01 1990.278482
469.82 1990.262978
470.63 1990.247483
471.44 1990.231995
472.25 1990.216515
473.05 1990.201043
473.87 1990.185579
474.69 1990.170122
475.51 1990.154673
476.33 1990.139232
477.15 1990.123798
477.97 1990.108372
478.79 1990.092954
479.61 1990.077543
480.44 1990.062141
481.30 1990.046746
482.13 1990.031358
482.96 1990.015978
483.80 1990.000606
484.64 1989.985242
485.47 1989.969885
486.29 1989.954536
487.11 1989.939195
487.94 1989.923861
488.75 1989.908535
489.58 1989.893216
490.41 1989.877905
491.23 1989.862602
492.06 1989.847306
492.89 1989.832018
493.71 1989.816738
494.53 1989.801465
495.35 1989.786200
496.17 1989.770942
496.99 1989.755692
497.81 1989.740450
498.63 1989.725215
499.46 1989.709987
500.27 1989.694768
501.09 1989.679555
501.92 1989.664351
502.75 1989.649154
503.58 1989.633964
504.40 1989.618782
505.22 1989.603608
506.05 1989.588441
506.87 1989.573281
507.69 1989.558130
508.53 1989.542985
509.36 1989.527848
510.20 1989.512719
511.03 1989.497597
511.86 1989.482483
512.69 1989.467376
513.53 1989.452277
514.37 1989.437185
515.20 1989.422101
516.03 1989.407024
516.86 1989.391954
517.69 1989.376892
518.51 1989.361838
519.34 1989.346791
520.16 1989.331751
520.98 1989.316719
521.80 1989.301695
522.61 1989.286677
523.44 1989.271668
524.26 1989.256665
525.08 1989.241670
525.89 1989.226683
526.71 1989.211703
527.53 1989.196730
528.35 1989.181765
529.17 1989.166807
529.99 1989.151856
530.81 1989.136913
531.64 1989.121977
532.47 1989.107049
533.30 1989.092128
534.13 1989.077215
534.96 1989.062309
535.79 1989.047410
536.62 1989.032518
537.44 1989.017634
538.26 1989.002757
539.09 1988.987888
539.91 1988.973026
540.73 1988.958171
541.55 1988.943324
542.37 1988.928484
543.19 1988.913651
544.01 1988.898826
544.84 1988.884008
545.67 1988.869197
546.49 1988.854393
547.32 1988.839597
548.15 1988.824808
548.98 1988.810027
549.80 1988.795253
550.62 1988.780486
551.44 1988.765726
552.26 1988.750974
553.08 1988.736228
553.90 1988.721491
554.72 1988.706760
555.54 1988.692037
556.36 1988.677321
557.18 1988.662612
558.00 1988.647910
558.82 1988.633216
559.65 1988.618529
560.48 1988.603849
561.30 1988.589176
562.11 1988.574511
562.94 1988.559853
563.76 1988.545202
564.58 1988.530558
565.40 1988.515922
566.22 1988.501292
567.04 1988.486670
567.86 1988.472055
568.68 1988.457448
569.48 1988.442847
570.30 1988.428254
571.12 1988.413668
571.93 1988.399089
572.75 1988.384517
573.57 1988.369952
574.39 1988.355395
575.21 1988.340844
576.03 1988.326301
576.84 1988.311765
577.66 1988.297236
578.47 1988.282715
579.29 1988.268200
580.10 1988.253693
580.91 1988.239192
581.72 1988.224699
582.52 1988.210213
583.33 1988.195734
584.14 1988.181262
584.95 1988.166798
585.76 1988.152340
586.57 1988.137889
587.38 1988.123446
588.19 1988.109010
589.00 1988.094580
589.81 1988.080158
590.61 1988.065743
591.42 1988.051335
592.23 1988.036934
593.04 1988.022541
593.85 1988.008154
594.66 1987.993774
595.47 1987.979401
596.28 1987.965036
597.09 1987.950677
597.90 1987.936326
598.71 1987.921981
599.52 1987.907644
600.33 1987.893314
601.14 1987.878990
601.95 1987.864674
602.75 1987.850365
603.56 1987.836062
604.37 1987.821767
605.18 1987.807479
605.99 1987.793197
606.80 1987.778923
607.61 1987.764656
608.42 1987.750396
609.23 1987.736142
610.04 1987.721896
610.84 1987.707657
611.65 1987.693424
612.46 1987.679199
613.27 1987.664981
614.08 1987.650769
614.89 1987.636565
615.82 1987.622367
616.66 1987.608176
617.49 1987.593993
618.33 1987.579816
619.15 1987.565646
619.98 1987.551484
620.82 1987.537328
621.65 1987.523179
622.48 1987.509037
623.31 1987.494902
624.14 1987.480774
624.97 1987.466652
625.80 1987.452538
626.63 1987.438431
627.46 1987.424330
628.30 1987.410236
629.13 1987.396150
629.95 1987.382070
630.79 1987.367997
631.62 1987.353931
632.44 1987.339871
633.25 1987.325819
634.06 1987.311774
634.86 1987.297735
635.67 1987.283703
636.48 1987.269678
637.29 1987.255660
638.10 1987.241649
638.91 1987.227645
639.72 1987.213647
640.53 1987.199657
641.34 1987.185673
642.14 1987.171696
642.95 1987.157726
643.76 1987.143762
644.57 1987.129806
645.38 1987.115856
646.19 1987.101913
647.00 1987.087977
647.81 1987.074048
648.62 1987.060125
649.43 1987.046210
650.25 1987.032301
651.06 1987.018399
651.87 1987.004503
652.68 1986.990615
653.49 1986.976733
654.30 1986.962858
655.11 1986.948990
655.91 1986.935129
656.72 1986.921274
657.53 1986.907426
658.34 1986.893585
659.15 1986.879750
659.96 1986.865923
660.77 1986.852102
661.57 1986.838288
662.38 1986.824480
663.19 1986.810679
664.00 1986.796885
664.81 1986.783098
665.62 1986.769318
666.43 1986.755544
667.24 1986.741777
668.06 1986.728016
668.87 1986.714262
669.69 1986.700515
670.51 1986.686775
671.33 1986.673042
672.14 1986.659315
672.96 1986.645594
673.78 1986.631881
674.59 1986.618174
675.40 1986.604474
676.21 1986.590780
677.02 1986.577093
677.83 1986.563413
678.64 1986.549739
679.45 1986.536073
680.26 1986.522412
681.07 1986.508759
681.88 1986.495112
682.69 1986.481471
683.50 1986.467838
684.31 1986.454211
685.11 1986.440590
685.92 1986.426977
686.73 1986.413369
687.54 1986.399769
688.35 1986.386175
689.16 1986.372588
689.97 1986.359007
690.78 1986.345433
691.58 1986.331865
692.39 1986.318304
693.20 1986.304750
694.01 1986.291202
694.82 1986.277661
695.63 1986.264126
696.43 1986.250599
697.24 1986.237077
698.05 1986.223562
698.86 1986.210054
699.67 1986.196552
700.48 1986.183057
701.28 1986.169568
702.09 1986.156086
702.90 1986.142611
703.71 1986.129142
704.52 1986.115680
705.33 1986.102224
706.14 1986.088774
706.94 1986.075331
707.75 1986.061895
708.56 1986.048465
709.37 1986.035042
710.18 1986.021625
710.99 1986.008215
711.79 1985.994811
712.60 1985.981414
713.41 1985.968024
714.22 1985.954639
715.04 1985.941262
715.85 1985.927890
716.65 1985.914526
717.46 1985.901167
718.27 1985.887815
719.08 1985.874470
719.89 1985.861131
720.70 1985.847799
721.51 1985.834473
722.32 1985.821154
723.13 1985.807841
723.94 1985.794534
724.74 1985.781234
725.55 1985.767940
726.36 1985.754653
727.17 1985.741372
727.98 1985.728098
728.80 1985.714830
729.61 1985.701569
730.43 1985.688314
731.24 1985.675065
732.05 1985.661823
732.86 1985.648587
733.68 1985.635357
734.49 1985.622135
735.30 1985.608918
736.11 1985.595708
736.93 1985.582504
737.74 1985.569307
738.55 1985.556116
739.37 1985.542931
740.18 1985.529753
740.99 1985.516581
741.80 1985.503415
742.61 1985.490256
743.43 1985.477103
744.24 1985.463957
745.05 1985.450817
745.86 1985.437683
746.67 1985.424556
747.48 1985.411435
748.29 1985.398320
749.09 1985.385212
749.90 1985.372110
750.71 1985.359015
751.52 1985.345925
752.33 1985.332842
753.14 1985.319766
753.95 1985.306695
754.76 1985.293631
755.57 1985.280574
756.38 1985.267522
757.19 1985.254477
758.00 1985.241438
758.81 1985.228406
759.64 1985.215380
760.48 1985.202360
761.31 1985.189346
762.14 1985.176339
762.96 1985.163338
763.78 1985.150343
764.60 1985.137355
765.42 1985.124373
766.24 1985.111397
767.07 1985.098427
767.89 1985.085464
768.71 1985.072507
769.53 1985.059556
770.35 1985.046611
771.17 1985.033673
771.98 1985.020741
772.80 1985.007815
773.62 1984.994895
774.44 1984.981982
775.25 1984.969074
776.06 1984.956173
776.87 1984.943279
777.69 1984.930390
778.50 1984.917508
779.30 1984.904632
780.12 1984.891762
780.93 1984.878898
781.74 1984.866041
782.55 1984.853189
783.36 1984.840344
784.17 1984.827505
784.99 1984.814673
785.80 1984.801846
786.62 1984.789026
787.43 1984.776212
788.24 1984.763404
789.06 1984.750602
789.88 1984.737806
790.70 1984.725017
791.52 1984.712233
792.35 1984.699456
793.17 1984.686685
794.00 1984.673920
794.82 1984.661162
795.68 1984.648409
796.51 1984.635663
797.33 1984.622922
798.16 1984.610188
798.99 1984.597460
799.81 1984.584738
800.62 1984.572022
801.43 1984.559313
802.24 1984.546609
803.06 1984.533912
803.87 1984.521220
804.69 1984.508535
805.50 1984.495856
806.31 1984.483183
807.13 1984.470516
807.94 1984.457855
808.75 1984.445201
809.57 1984.432552
810.39 1984.419909
811.20 1984.407273
812.01 1984.394642
812.82 1984.382018
813.63 1984.369400
814.44 1984.356788
815.25 1984.344181
816.07 1984.331581
816.88 1984.318987
817.69 1984.306399
818.50 1984.293817
