0.00 2096.038704
5.83 1957.056179
11.56 1926.247887
17.27 1922.439721
22.99 1920.590400
28.75 1918.159693
34.48 1916.187915
40.23 1914.848542
45.93 1914.030401
51.66 1913.572010
57.38 1913.339735
63.12 1913.240624
68.85 1913.215272
74.58 1913.202842
80.29 1913.173477
85.99 1913.138702
91.74 1913.104497
97.46 1913.073650
103.19 1913.047175
108.92 1913.025160
114.65 1913.007240
120.39 1912.992874
126.11 1912.981486
131.82 1912.972532
137.52 1912.972532
143.25 1912.972532
148.96 1912.972532
154.64 1912.972532
160.35 1912.972526
166.07 1912.972155
171.76 1912.966211
177.46 1912.962843
