0.00 2420.112290
0.88 2414.724323
1.75 2409.878203
2.69 2405.496455
3.58 2401.514944
4.44 2397.880350
5.29 2394.548148
6.16 2391.480983
7.06 2388.647366
7.93 2386.020617
8.81 2383.578021
9.72 2381.300136
10.61 2379.170237
11.49 2377.173862
12.38 2375.298441
13.25 2373.532995
14.10 2371.867891
14.96 2370.294629
15.82 2368.805685
16.67 2367.394362
17.53 2366.054678
18.38 2364.781270
19.24 2363.569308
20.10 2362.414435
20.95 2361.312698
21.80 2360.260508
22.66 2359.254594
23.52 2358.291968
24.37 2357.369894
25.23 2356.485858
26.08 2355.637552
26.94 2354.822848
27.79 2354.039779
28.65 2353.286531
29.50 2352.561420
30.36 2351.862886
31.21 2351.189481
32.06 2350.539858
32.92 2349.912762
33.78 2349.307025
34.63 2348.721557
35.49 2348.155337
36.34 2347.607414
37.20 2347.076898
38.05 2346.562952
38.91 2346.064794
39.76 2345.581690
40.62 2345.112949
41.47 2344.657924
42.33 2344.216005
43.19 2343.786618
44.04 2343.369221
44.90 2342.963306
45.76 2342.568390
46.61 2342.184020
47.46 2341.809767
48.32 2341.445224
49.18 2341.090009
50.03 2340.743757
50.89 2340.406125
51.74 2340.076785
52.60 2339.755429
53.46 2339.441762
54.31 2339.135506
55.17 2338.836394
56.02 2338.544175
56.88 2338.258608
57.73 2337.979465
58.59 2337.706528
59.44 2337.439589
60.30 2337.178449
61.16 2336.922921
62.01 2336.672823
62.87 2336.427982
63.73 2336.188235
64.58 2335.953421
65.43 2335.723392
66.29 2335.498001
67.15 2335.277111
68.00 2335.060588
68.86 2334.848305
69.71 2334.640139
70.56 2334.435973
71.42 2334.235695
72.27 2334.039194
73.13 2333.846368
73.99 2333.657116
74.84 2333.471340
75.69 2333.288949
76.55 2333.109852
77.41 2332.933963
78.26 2332.761198
79.12 2332.591478
79.97 2332.424725
80.82 2332.260863
81.68 2332.099820
82.53 2331.941527
83.39 2331.785916
84.25 2331.632921
85.10 2331.482479
85.95 2331.334530
86.81 2331.189012
87.66 2331.045870
88.52 2330.905048
89.37 2330.766491
90.23 2330.630148
91.08 2330.495968
91.94 2330.363901
92.79 2330.233899
93.65 2330.105918
94.50 2329.979910
95.36 2329.855834
96.21 2329.733646
97.07 2329.613305
97.92 2329.494770
98.78 2329.378004
99.64 2329.262967
100.49 2329.149624
101.34 2329.037937
102.20 2328.927872
103.06 2328.819395
103.91 2328.712473
104.77 2328.607074
105.62 2328.503165
106.48 2328.400716
107.34 2328.299698
108.19 2328.200081
109.05 2328.101837
109.91 2328.004937
110.76 2327.909355
111.61 2327.815065
112.47 2327.722040
113.32 2327.630256
114.18 2327.539687
115.03 2327.450311
115.89 2327.362103
116.74 2327.275041
117.60 2327.189102
118.45 2327.104264
119.31 2327.020506
120.17 2326.937808
121.02 2326.856148
121.87 2326.775508
122.73 2326.695867
123.58 2326.617206
124.44 2326.539507
125.30 2326.462751
126.15 2326.386921
127.00 2326.311999
127.86 2326.237969
128.72 2326.164813
129.57 2326.092515
130.43 2326.021059
131.28 2325.950430
132.14 2325.880612
133.00 2325.811590
133.85 2325.743349
134.70 2325.675876
135.56 2325.609155
136.42 2325.543174
137.27 2325.477918
138.13 2325.413375
138.98 2325.349531
139.83 2325.286374
140.69 2325.223891
141.55 2325.162070
142.40 2325.100899
143.26 2325.040367
144.11 2324.980462
144.97 2324.921172
145.82 2324.862487
146.68 2324.804396
147.53 2324.746888
148.39 2324.689953
149.24 2324.633580
150.10 2324.577760
150.96 2324.522483
151.81 2324.467740
152.66 2324.413520
153.52 2324.359814
154.38 2324.306615
155.23 2324.253912
156.09 2324.201696
156.94 2324.149961
157.79 2324.098696
158.65 2324.047894
159.51 2323.997546
160.36 2323.947646
161.22 2323.898184
162.07 2323.849154
162.92 2323.800548
163.78 2323.752358
164.64 2323.704578
165.49 2323.657200
166.35 2323.610217
167.20 2323.563623
168.05 2323.517411
168.91 2323.471574
169.77 2323.426106
170.62 2323.381001
171.48 2323.336252
172.34 2323.291853
173.19 2323.247799
174.05 2323.204084
174.90 2323.160701
175.75 2323.117645
176.61 2323.074910
177.47 2323.032492
178.32 2322.990385
179.17 2322.948583
180.03 2322.907081
180.88 2322.865875
181.74 2322.824959
182.59 2322.784328
183.45 2322.743979
184.31 2322.703905
185.16 2322.664103
186.01 2322.624567
186.87 2322.585294
187.72 2322.546279
188.57 2322.507518
189.43 2322.469006
190.29 2322.430739
191.14 2322.392714
192.00 2322.354926
192.85 2322.317372
193.70 2322.280047
194.56 2322.242948
195.41 2322.206072
196.27 2322.169413
197.13 2322.132970
197.98 2322.096737
198.83 2322.060713
199.69 2322.024893
200.55 2321.989274
201.40 2321.953854
202.26 2321.918627
203.11 2321.883593
203.96 2321.848746
204.82 2321.814086
205.68 2321.779607
206.53 2321.745308
207.39 2321.711185
208.24 2321.677237
209.10 2321.643459
209.96 2321.609849
210.81 2321.576404
211.66 2321.543123
212.63 2321.510002
213.50 2321.477038
214.36 2321.444230
215.22 2321.411574
216.07 2321.379069
216.93 2321.346711
217.78 2321.314499
218.64 2321.282431
219.50 2321.250503
220.35 2321.218715
221.20 2321.187062
222.06 2321.155545
222.92 2321.124160
223.77 2321.092905
224.63 2321.061778
225.49 2321.030778
226.34 2320.999902
227.20 2320.969149
228.05 2320.938516
228.91 2320.908002
229.76 2320.877604
230.62 2320.847322
231.47 2320.817153
232.33 2320.787095
233.19 2320.757148
234.05 2320.727308
234.91 2320.697575
235.77 2320.667948
236.63 2320.638423
237.49 2320.609000
238.34 2320.579678
239.20 2320.550454
240.06 2320.521327
240.92 2320.492296
241.78 2320.463360
242.64 2320.434517
243.49 2320.405765
244.35 2320.377103
245.21 2320.348530
246.07 2320.320045
246.93 2320.291646
247.79 2320.263333
248.65 2320.235103
249.51 2320.206955
250.37 2320.178889
251.23 2320.150903
252.08 2320.122996
252.94 2320.095167
253.80 2320.067415
254.66 2320.039738
255.52 2320.012136
256.38 2319.984607
257.23 2319.957151
258.10 2319.929766
258.95 2319.902452
259.81 2319.875207
260.67 2319.848030
261.53 2319.820921
262.39 2319.793879
263.25 2319.766902
264.10 2319.739990
264.96 2319.713141
265.82 2319.686356
266.68 2319.659632
267.54 2319.632970
268.40 2319.606368
269.25 2319.579826
270.11 2319.553342
270.97 2319.526916
271.83 2319.500548
272.69 2319.474235
273.55 2319.447979
274.40 2319.421777
275.26 2319.395629
276.12 2319.369535
276.98 2319.343494
277.84 2319.317504
278.70 2319.291566
279.55 2319.265679
280.41 2319.239842
281.27 2319.214053
282.13 2319.188314
282.99 2319.162623
283.85 2319.136979
284.71 2319.111382
285.57 2319.085832
286.43 2319.060327
287.28 2319.034867
288.14 2319.009452
289.00 2318.984081
289.86 2318.958753
290.72 2318.933469
291.57 2318.908226
292.43 2318.883026
293.29 2318.857866
294.15 2318.832748
295.01 2318.807670
295.87 2318.782632
296.73 2318.757633
297.59 2318.732674
298.44 2318.707752
299.31 2318.682869
300.16 2318.658023
301.02 2318.633215
301.88 2318.608443
302.74 2318.583707
303.60 2318.559008
304.46 2318.534343
305.32 2318.509714
306.17 2318.485120
307.03 2318.460559
307.89 2318.436033
308.75 2318.411540
309.61 2318.387080
310.47 2318.362653
311.32 2318.338258
312.18 2318.313895
313.04 2318.289564
313.90 2318.265265
314.76 2318.240996
315.62 2318.216758
316.47 2318.192551
317.34 2318.168373
318.19 2318.144226
319.05 2318.120107
319.91 2318.096018
320.77 2318.071958
321.63 2318.047926
322.49 2318.023922
323.35 2317.999947
324.21 2317.975999
325.06 2317.952078
325.92 2317.928185
326.78 2317.904318
327.64 2317.880478
328.50 2317.856664
329.36 2317.832877
330.22 2317.809115
331.07 2317.785379
331.93 2317.761668
332.79 2317.737983
333.65 2317.714322
334.51 2317.690686
335.37 2317.667074
336.22 2317.643487
337.08 2317.619923
337.94 2317.596384
338.80 2317.572868
339.66 2317.549375
340.52 2317.525905
341.38 2317.502459
342.24 2317.479035
343.10 2317.455633
343.95 2317.432255
344.81 2317.408898
345.67 2317.385563
346.53 2317.362250
347.39 2317.338959
348.25 2317.315689
349.11 2317.292440
349.96 2317.269213
350.82 2317.246006
351.68 2317.222821
352.54 2317.199656
353.39 2317.176511
354.25 2317.153387
355.11 2317.130283
355.97 2317.107198
356.83 2317.084134
357.69 2317.061089
358.55 2317.038064
359.41 2317.015059
360.27 2316.992072
361.13 2316.969105
361.99 2316.946157
362.85 2316.923227
363.71 2316.900316
364.56 2316.877424
365.42 2316.854551
366.28 2316.831695
367.14 2316.808858
368.00 2316.786039
368.86 2316.763238
369.71 2316.740455
370.57 2316.717690
371.43 2316.694942
372.29 2316.672212
373.14 2316.649499
374.01 2316.626803
374.86 2316.604125
375.72 2316.581463
376.58 2316.558819
377.44 2316.536192
378.29 2316.513581
379.16 2316.490987
380.01 2316.468410
380.87 2316.445849
381.73 2316.423304
382.59 2316.400776
383.45 2316.378264
384.31 2316.355768
385.17 2316.333288
386.03 2316.310824
386.89 2316.288376
387.74 2316.265943
388.60 2316.243527
389.46 2316.221125
390.32 2316.198740
391.18 2316.176370
392.04 2316.154015
392.90 2316.131675
393.75 2316.109351
394.61 2316.087042
395.47 2316.064748
396.33 2316.042469
397.19 2316.020204
398.05 2315.997955
398.91 2315.975720
399.77 2315.953500
400.62 2315.931295
401.48 2315.909104
402.34 2315.886928
403.20 2315.864766
404.06 2315.842619
404.92 2315.820486
405.78 2315.798367
406.63 2315.776262
407.50 2315.754171
408.35 2315.732095
409.21 2315.710032
410.07 2315.687984
410.93 2315.665949
411.79 2315.643928
412.65 2315.621921
413.50 2315.599928
414.36 2315.577948
415.22 2315.555982
416.08 2315.534030
416.94 2315.512091
417.80 2315.490165
418.66 2315.468253
419.51 2315.446355
420.37 2315.424469
421.23 2315.402597
422.09 2315.380738
422.96 2315.358893
423.82 2315.337060
424.67 2315.315240
425.53 2315.293434
426.40 2315.271641
427.25 2315.249860
428.11 2315.228093
428.97 2315.206338
429.83 2315.184596
430.69 2315.162867
431.55 2315.141151
432.40 2315.119447
433.27 2315.097756
434.12 2315.076078
434.98 2315.054412
435.84 2315.032759
436.70 2315.011119
437.55 2314.989491
438.42 2314.967875
439.27 2314.946272
440.13 2314.924681
440.99 2314.903102
441.85 2314.881536
442.71 2314.859982
443.57 2314.838441
444.43 2314.816911
445.28 2314.795394
446.14 2314.773889
447.00 2314.752395
447.86 2314.730915
448.72 2314.709446
449.57 2314.687989
450.43 2314.666544
451.29 2314.645111
452.15 2314.623690
453.01 2314.602281
453.87 2314.580884
454.73 2314.559498
455.58 2314.538125
456.44 2314.516763
457.30 2314.495413
458.16 2314.474075
459.02 2314.452748
459.88 2314.431433
460.73 2314.410130
461.59 2314.388838
462.45 2314.367558
463.31 2314.346290
464.17 2314.325033
465.03 2314.303788
465.88 2314.282554
466.74 2314.261332
467.60 2314.240121
468.46 2314.218922
469.32 2314.197734
470.18 2314.176557
471.04 2314.155392
471.90 2314.134238
472.75 2314.113096
473.61 2314.091964
474.47 2314.070845
475.33 2314.049736
476.19 2314.028639
477.05 2314.007552
477.90 2313.986477
478.76 2313.965414
479.62 2313.944361
480.48 2313.923320
481.34 2313.902289
482.20 2313.881270
483.05 2313.860262
483.91 2313.839265
484.78 2313.818279
485.64 2313.797304
486.50 2313.776340
487.35 2313.755387
488.21 2313.734445
489.07 2313.713513
489.93 2313.692593
490.78 2313.671684
491.65 2313.650786
492.50 2313.629898
493.36 2313.609022
494.21 2313.588156
495.07 2313.567301
495.92 2313.546457
496.78 2313.525624
497.63 2313.504802
498.49 2313.483990
499.35 2313.463189
500.20 2313.442399
501.05 2313.421620
501.91 2313.400851
502.76 2313.380093
503.62 2313.359346
504.47 2313.338609
505.33 2313.317883
506.18 2313.297168
507.04 2313.276463
507.89 2313.255769
508.74 2313.235085
509.60 2313.214412
510.46 2313.193750
511.31 2313.173098
512.17 2313.152457
513.02 2313.131826
513.88 2313.111206
514.73 2313.090596
515.59 2313.069997
516.44 2313.049408
517.30 2313.028830
518.15 2313.008262
519.01 2312.987704
519.87 2312.967157
520.72 2312.946621
521.57 2312.926095
522.43 2312.905579
523.29 2312.885073
524.14 2312.864578
525.00 2312.844094
525.85 2312.823619
526.71 2312.803155
527.56 2312.782702
528.41 2312.762258
529.27 2312.741825
530.12 2312.721402
530.98 2312.700989
531.83 2312.680587
532.69 2312.660195
533.54 2312.639813
534.40 2312.619442
535.26 2312.599080
536.11 2312.578729
536.96 2312.558388
537.82 2312.538057
538.68 2312.517736
539.53 2312.497426
540.39 2312.477125
541.24 2312.456835
542.09 2312.436555
542.95 2312.416285
543.81 2312.396025
544.66 2312.375776
545.52 2312.355536
546.37 2312.335306
547.23 2312.315087
548.09 2312.294877
548.95 2312.274678
549.80 2312.254488
550.66 2312.234309
551.51 2312.214140
552.37 2312.193980
553.22 2312.173831
554.08 2312.153691
554.93 2312.133562
555.79 2312.113443
556.64 2312.093333
557.50 2312.073234
558.36 2312.053144
559.21 2312.033064
560.06 2312.012995
560.92 2311.992935
561.77 2311.972885
562.63 2311.952845
563.49 2311.932815
564.34 2311.912795
565.19 2311.892784
566.05 2311.872784
566.90 2311.852793
567.76 2311.832812
568.62 2311.812842
569.48 2311.792880
570.33 2311.772929
571.19 2311.752988
572.04 2311.733056
572.89 2311.713134
573.75 2311.693222
574.60 2311.673319
575.46 2311.653427
576.32 2311.633544
577.17 2311.613671
578.03 2311.593808
578.89 2311.573954
579.74 2311.554110
580.59 2311.534276
581.45 2311.514452
582.30 2311.494637
583.15 2311.474832
584.01 2311.455036
584.86 2311.435251
585.72 2311.415475
586.57 2311.395708
587.43 2311.375952
588.28 2311.356205
589.14 2311.336467
589.99 2311.316740
590.85 2311.297021
591.71 2311.277313
592.56 2311.257614
593.41 2311.237925
594.27 2311.218245
595.13 2311.198575
595.98 2311.178914
596.84 2311.159263
597.69 2311.139622
598.54 2311.119990
599.40 2311.100368
600.26 2311.080755
601.11 2311.061152
601.97 2311.041558
602.82 2311.021974
603.68 2311.002399
604.54 2310.982834
605.39 2310.963278
606.24 2310.943732
607.10 2310.924195
607.95 2310.904668
608.81 2310.885150
609.67 2310.865642
610.52 2310.846143
611.37 2310.826654
612.24 2310.807174
613.09 2310.787703
613.94 2310.768242
614.80 2310.748790
615.65 2310.729348
616.51 2310.709915
617.37 2310.690492
618.22 2310.671078
619.07 2310.651673
619.93 2310.632278
620.78 2310.612892
621.64 2310.593515
622.50 2310.574148
623.35 2310.554790
624.20 2310.535442
625.06 2310.516103
625.91 2310.496773
626.77 2310.477452
627.62 2310.458141
628.48 2310.438839
629.33 2310.419547
630.19 2310.400263
631.04 2310.380989
631.90 2310.361725
632.76 2310.342469
633.61 2310.323223
634.46 2310.303986
635.33 2310.284759
636.19 2310.265540
637.04 2310.246331
637.90 2310.227131
638.76 2310.207941
639.62 2310.188759
640.48 2310.169587
641.34 2310.150424
642.20 2310.131270
643.06 2310.112126
643.91 2310.092990
644.77 2310.073864
645.63 2310.054747
646.49 2310.035639
647.35 2310.016541
648.21 2309.997451
649.07 2309.978371
649.92 2309.959300
650.78 2309.940238
651.64 2309.921185
652.50 2309.902141
653.36 2309.883106
654.22 2309.864081
655.06 2309.845064
655.91 2309.826057
656.76 2309.807059
657.61 2309.788070
658.46 2309.769090
659.30 2309.750119
660.15 2309.731157
661.00 2309.712204
661.85 2309.693260
662.70 2309.674326
663.55 2309.655400
664.40 2309.636483
665.24 2309.617576
666.09 2309.598677
666.94 2309.579788
667.79 2309.560907
668.64 2309.542036
669.49 2309.523174
670.33 2309.504320
671.18 2309.485476
672.03 2309.466640
672.88 2309.447814
673.73 2309.428997
674.58 2309.410188
675.43 2309.391389
676.28 2309.372598
677.13 2309.353816
677.98 2309.335044
678.82 2309.316280
679.67 2309.297525
680.52 2309.278780
681.37 2309.260043
682.22 2309.241315
683.06 2309.222596
683.91 2309.203886
684.76 2309.185184
685.61 2309.166492
686.46 2309.147809
687.31 2309.129134
688.15 2309.110468
689.00 2309.091812
689.84 2309.073164
690.69 2309.054525
691.53 2309.035894
692.37 2309.017273
693.22 2308.998661
694.06 2308.980057
694.91 2308.961462
695.76 2308.942876
696.60 2308.924299
697.45 2308.905731
698.30 2308.887171
699.15 2308.868620
700.00 2308.850079
700.84 2308.831545
701.69 2308.813021
702.54 2308.794506
703.39 2308.775999
704.24 2308.757501
705.08 2308.739012
705.93 2308.720531
706.78 2308.702060
707.63 2308.683597
708.48 2308.665142
709.32 2308.646697
710.17 2308.628260
711.02 2308.609832
711.87 2308.591413
712.72 2308.573002
713.57 2308.554601
714.41 2308.536208
715.26 2308.517823
716.11 2308.499447
716.96 2308.481080
717.81 2308.462722
718.65 2308.444372
719.50 2308.426031
720.35 2308.407699
721.20 2308.389375
722.05 2308.371060
722.90 2308.352754
723.74 2308.334456
724.59 2308.316167
725.44 2308.297887
726.29 2308.279615
727.14 2308.261352
727.98 2308.243098
728.83 2308.224852
729.68 2308.206614
730.53 2308.188386
731.38 2308.170166
732.23 2308.151954
733.07 2308.133751
733.92 2308.115557
734.77 2308.097371
735.62 2308.079194
736.47 2308.061025
737.32 2308.042865
738.17 2308.024714
739.02 2308.006571
739.86 2307.988436
740.71 2307.970311
741.56 2307.952193
742.41 2307.934085
743.26 2307.915984
744.11 2307.897893
744.96 2307.879809
745.80 2307.861735
746.65 2307.843668
747.50 2307.825611
748.35 2307.807562
749.20 2307.789521
750.04 2307.771489
750.89 2307.753465
751.74 2307.735450
752.59 2307.717443
753.44 2307.699444
754.28 2307.681455
755.13 2307.663473
755.98 2307.645500
756.83 2307.627536
757.68 2307.609579
758.53 2307.591632
759.37 2307.573692
760.22 2307.555762
761.07 2307.537839
761.92 2307.519925
762.77 2307.502020
763.61 2307.484122
764.46 2307.466234
765.31 2307.448353
766.16 2307.430481
767.01 2307.412618
767.86 2307.394762
768.70 2307.376915
769.55 2307.359077
770.40 2307.341247
771.25 2307.323425
772.09 2307.305611
772.94 2307.287806
773.79 2307.270009
774.64 2307.252221
775.49 2307.234441
776.33 2307.216669
777.18 2307.198906
778.03 2307.181151
778.88 2307.163404
779.72 2307.145665
780.58 2307.127935
781.42 2307.110213
782.27 2307.092499
783.12 2307.074794
783.97 2307.057097
784.82 2307.039408
785.66 2307.021727
786.51 2307.004055
787.36 2306.986391
788.21 2306.968735
789.06 2306.951088
789.91 2306.933449
790.76 2306.915818
791.60 2306.898195
792.45 2306.880580
793.30 2306.862974
794.15 2306.845376
795.00 2306.827786
795.84 2306.810204
796.69 2306.792631
797.54 2306.775065
798.39 2306.757508
799.24 2306.739959
800.09 2306.722419
800.94 2306.704886
801.79 2306.687362
802.64 2306.669845
803.49 2306.652337
804.33 2306.634838
805.18 2306.617346
806.03 2306.599862
806.88 2306.582387
807.72 2306.564920
808.57 2306.547460
809.42 2306.530009
810.27 2306.512567
811.12 2306.495132
811.97 2306.477705
812.82 2306.460287
813.66 2306.442876
814.51 2306.425474
815.36 2306.408080
816.21 2306.390694
817.05 2306.373316
817.90 2306.355946
818.75 2306.338584
819.60 2306.321230
820.45 2306.303884
821.29 2306.286547
822.14 2306.269217
822.99 2306.251896
823.84 2306.234582
824.69 2306.217277
825.54 2306.199979
826.38 2306.182690
827.23 2306.165408
828.08 2306.148135
828.93 2306.130870
829.78 2306.113613
830.62 2306.096363
831.47 2306.079122
832.32 2306.061889
833.17 2306.044664
834.02 2306.027446
834.87 2306.010237
835.71 2305.993036
836.56 2305.975842
837.41 2305.958657
838.26 2305.941480
839.10 2305.924310
839.95 2305.907149
840.80 2305.889995
841.65 2305.872850
842.50 2305.855712
843.35 2305.838583
844.19 2305.821461
845.04 2305.804347
845.89 2305.787241
846.74 2305.770143
847.59 2305.753053
848.44 2305.735971
849.28 2305.718897
850.13 2305.701831
850.98 2305.684773
851.83 2305.667722
852.68 2305.650679
853.53 2305.633645
854.37 2305.616618
855.22 2305.599599
