0.00 2420.112290
9.32 2237.355430
18.58 2229.446903
27.66 2223.988098
36.75 2219.713723
45.81 2216.348337
54.93 2213.667610
64.01 2211.515748
73.07 2209.777979
82.12 2208.365991
91.17 2207.210895
100.33 2206.259310
109.35 2205.471853
118.40 2204.818193
127.45 2204.273982
136.56 2203.820091
145.63 2203.441680
154.70 2203.126210
163.76 2202.858069
172.84 2202.634748
181.97 2202.450367
191.03 2202.299945
200.11 2202.179360
209.15 2202.085066
218.25 2202.013500
227.30 2201.960887
236.39 2201.923408
245.47 2201.897477
254.52 2201.879986
