0.00 2420.112290
6.53 2311.054438
13.05 2283.648294
19.56 2259.499150
26.09 2246.308323
32.57 2241.308856
39.09 2241.149763
45.61 2239.394794
52.09 2237.891107
58.59 2236.896756
65.09 2236.287200
71.62 2235.934048
78.09 2235.749468
84.62 2235.676034
91.14 2235.675606
97.64 2235.628887
104.16 2235.552785
110.67 2235.459558
117.21 2235.357637
123.76 2235.252762
130.29 2235.148764
136.83 2235.048122
143.36 2234.952362
149.86 2234.862341
156.36 2234.778451
162.86 2234.700771
169.38 2234.629173
175.88 2234.563394
182.37 2234.503096
188.86 2234.447898
195.34 2234.397405
201.81 2234.351225
208.32 2234.308979
214.85 2234.270309
221.33 2234.234882
227.84 2234.202390
234.34 2234.172554
240.82 2234.145119
247.35 2234.119854
