0.00 5977.832652
0.07 5972.318193
0.14 5967.285441
0.22 5962.680617
0.29 5958.456705
0.36 5954.572539
0.43 5950.992015
0.50 5947.683422
0.57 5944.618856
0.64 5941.773724
0.71 5939.126314
0.79 5936.657425
0.86 5934.350046
0.93 5932.189080
1.00 5930.161106
1.07 5928.254170
1.14 5926.457607
1.21 5924.761886
1.28 5923.158471
1.36 5921.639707
1.43 5920.198716
1.50 5918.829305
1.57 5917.525893
1.65 5916.283436
1.72 5915.097373
1.79 5913.963568
1.86 5912.878268
1.93 5911.838059
2.00 5910.839835
2.07 5909.880758
2.14 5908.958239
2.22 5908.069908
2.29 5907.213592
2.36 5906.387298
2.43 5905.589195
2.50 5904.817596
2.57 5904.070948
2.64 5903.347817
2.71 5902.646878
2.78 5901.966906
2.85 5901.306764
2.93 5900.665400
3.00 5900.041835
3.07 5899.435160
3.14 5898.844528
3.22 5898.269150
3.29 5897.708290
3.36 5897.161262
3.43 5896.627422
3.50 5896.106169
3.58 5895.596939
3.65 5895.099204
3.72 5894.612468
3.79 5894.136265
3.86 5893.670156
3.93 5893.213729
4.00 5892.766595
4.08 5892.328388
4.15 5891.898760
4.22 5891.477385
4.29 5891.063955
4.36 5890.658175
4.43 5890.259770
4.50 5889.868475
4.57 5889.484043
4.64 5889.106237
4.72 5888.734831
4.79 5888.369612
4.86 5888.010377
4.93 5887.656931
5.00 5887.309092
5.07 5886.966681
5.14 5886.629533
5.21 5886.297485
5.29 5885.970386
5.36 5885.648088
5.43 5885.330451
5.50 5885.017342
5.57 5884.708632
5.64 5884.404198
5.72 5884.103921
5.79 5883.807689
5.86 5883.515392
5.93 5883.226927
6.01 5882.942191
6.08 5882.661090
6.15 5882.383530
6.22 5882.109422
6.29 5881.838679
6.37 5881.571218
6.44 5881.306960
6.51 5881.045827
6.58 5880.787745
6.65 5880.532641
6.72 5880.280448
6.79 5880.031096
6.86 5879.784523
6.93 5879.540664
7.01 5879.299460
7.08 5879.060852
7.15 5878.824782
7.22 5878.591197
7.29 5878.360043
7.36 5878.131268
7.43 5877.904822
7.50 5877.680657
7.57 5877.458726
7.65 5877.238984
7.72 5877.021385
7.79 5876.805888
7.86 5876.592450
7.93 5876.381031
8.00 5876.171592
8.07 5875.964094
8.14 5875.758500
8.21 5875.554774
8.28 5875.352881
8.35 5875.152787
8.43 5874.954459
8.50 5874.757863
8.57 5874.562969
8.64 5874.369746
8.71 5874.178164
8.79 5873.988194
8.86 5873.799808
8.94 5873.612977
9.01 5873.427676
9.09 5873.243877
9.17 5873.061556
9.24 5872.880686
9.32 5872.701245
9.39 5872.523208
9.46 5872.346551
9.54 5872.171253
9.61 5871.997291
9.68 5871.824643
9.75 5871.653289
9.82 5871.483208
9.89 5871.314380
9.96 5871.146785
10.03 5870.980405
10.11 5870.815219
10.18 5870.651211
10.25 5870.488362
10.32 5870.326654
10.39 5870.166071
10.46 5870.006595
10.53 5869.848211
10.60 5869.690902
10.67 5869.534653
10.74 5869.379447
10.81 5869.225271
10.89 5869.072110
10.96 5868.919949
11.03 5868.768773
11.10 5868.618570
11.17 5868.469326
11.24 5868.321027
11.31 5868.173660
11.38 5868.027213
11.45 5867.881673
11.52 5867.737029
11.59 5867.593267
11.67 5867.450376
11.74 5867.308346
11.81 5867.167163
11.88 5867.026819
11.95 5866.887300
12.02 5866.748598
12.09 5866.610701
12.16 5866.473599
12.23 5866.337282
12.30 5866.201741
12.37 5866.066965
12.44 5865.932944
12.51 5865.799671
12.59 5865.667135
12.66 5865.535327
12.73 5865.404239
12.80 5865.273862
12.87 5865.144187
12.94 5865.015206
13.01 5864.886911
13.08 5864.759294
13.15 5864.632346
13.22 5864.506059
13.29 5864.380427
13.36 5864.255442
13.44 5864.131095
13.52 5864.007380
13.60 5863.884290
13.68 5863.761817
13.76 5863.639955
13.84 5863.518696
13.91 5863.398034
13.98 5863.277963
14.06 5863.158475
14.13 5863.039565
14.20 5862.921226
14.27 5862.803451
14.35 5862.686236
14.42 5862.569573
14.50 5862.453456
14.57 5862.337881
14.64 5862.222841
14.72 5862.108330
14.79 5861.994343
14.86 5861.880875
14.93 5861.767919
15.00 5861.655471
15.08 5861.543526
15.15 5861.432077
15.22 5861.321121
15.30 5861.210652
15.37 5861.100665
15.44 5860.991156
15.51 5860.882118
15.59 5860.773549
15.66 5860.665442
15.73 5860.557794
15.80 5860.450600
15.88 5860.343855
15.95 5860.237554
16.02 5860.131695
16.09 5860.026272
16.16 5859.921280
16.23 5859.816717
16.30 5859.712577
16.37 5859.608857
16.44 5859.505553
16.51 5859.402660
16.58 5859.300175
16.65 5859.198093
16.72 5859.096412
16.80 5858.995127
16.87 5858.894234
16.94 5858.793731
17.01 5858.693613
17.08 5858.593876
17.16 5858.494518
17.23 5858.395534
17.30 5858.296922
17.37 5858.198677
17.44 5858.100797
17.52 5858.003278
17.59 5857.906117
17.66 5857.809311
17.73 5857.712856
17.80 5857.616750
17.87 5857.520989
17.95 5857.425570
18.02 5857.330490
18.09 5857.235747
18.16 5857.141336
18.23 5857.047256
18.30 5856.953503
18.37 5856.860074
18.44 5856.766968
18.51 5856.674180
18.58 5856.581708
18.65 5856.489550
18.72 5856.397702
18.79 5856.306162
18.86 5856.214928
18.93 5856.123996
19.00 5856.033365
19.07 5855.943032
19.14 5855.852993
19.21 5855.763247
19.28 5855.673792
19.35 5855.584624
19.42 5855.495741
19.49 5855.407142
19.56 5855.318823
19.63 5855.230782
19.70 5855.143018
19.77 5855.055527
19.85 5854.968308
19.92 5854.881357
19.99 5854.794675
20.06 5854.708256
20.14 5854.622101
20.21 5854.536206
20.28 5854.450570
20.35 5854.365190
20.43 5854.280065
20.50 5854.195192
20.57 5854.110569
20.64 5854.026195
20.71 5853.942067
20.79 5853.858183
20.86 5853.774542
20.93 5853.691141
21.00 5853.607979
21.07 5853.525054
21.14 5853.442363
21.21 5853.359906
21.29 5853.277680
21.36 5853.195684
21.43 5853.113915
21.51 5853.032372
21.58 5852.951054
21.65 5852.869958
21.72 5852.789083
21.80 5852.708426
21.87 5852.627988
21.94 5852.547765
22.01 5852.467756
22.08 5852.387960
22.16 5852.308374
22.23 5852.228998
22.30 5852.149830
22.37 5852.070868
22.44 5851.992110
22.51 5851.913556
22.58 5851.835204
22.65 5851.757051
22.72 5851.679097
22.79 5851.601341
22.86 5851.523780
22.93 5851.446413
23.00 5851.369239
23.07 5851.292257
23.14 5851.215465
23.22 5851.138862
23.29 5851.062445
23.36 5850.986215
23.43 5850.910170
23.50 5850.834308
23.57 5850.758627
23.64 5850.683128
23.71 5850.607808
23.78 5850.532666
23.85 5850.457701
23.92 5850.382911
23.99 5850.308296
24.06 5850.233854
24.13 5850.159584
24.20 5850.085485
24.27 5850.011555
24.34 5849.937793
24.41 5849.864199
24.48 5849.790771
24.55 5849.717507
24.62 5849.644407
24.69 5849.571470
24.76 5849.498694
24.83 5849.426079
24.90 5849.353623
24.97 5849.281325
25.04 5849.209184
25.11 5849.137199
25.18 5849.065370
25.25 5848.993694
25.32 5848.922171
25.39 5848.850800
25.46 5848.779579
25.53 5848.708509
25.61 5848.637587
25.68 5848.566814
25.75 5848.496187
25.82 5848.425706
25.89 5848.355370
25.96 5848.285178
26.03 5848.215129
26.10 5848.145222
26.18 5848.075456
26.25 5848.005831
26.32 5847.936344
26.39 5847.866997
26.46 5847.797787
26.53 5847.728713
26.60 5847.659775
26.67 5847.590972
26.74 5847.522303
26.81 5847.453768
26.88 5847.385365
26.95 5847.317093
27.02 5847.248951
27.09 5847.180940
27.16 5847.113058
27.23 5847.045304
27.30 5846.977677
27.37 5846.910177
27.44 5846.842803
27.51 5846.775553
27.58 5846.708428
27.65 5846.641427
27.72 5846.574548
27.79 5846.507791
27.86 5846.441155
27.93 5846.374640
28.00 5846.308245
28.07 5846.241968
28.14 5846.175810
28.21 5846.109770
28.28 5846.043846
28.35 5845.978038
28.43 5845.912346
28.50 5845.846769
28.57 5845.781306
28.64 5845.715956
28.71 5845.650719
28.78 5845.585594
28.85 5845.520580
28.92 5845.455677
28.99 5845.390884
29.06 5845.326201
29.13 5845.261627
29.20 5845.197160
29.27 5845.132801
29.34 5845.068549
29.41 5845.004404
29.48 5844.940364
29.55 5844.876429
29.62 5844.812598
29.69 5844.748872
29.76 5844.685249
29.83 5844.621728
29.90 5844.558310
29.97 5844.494993
30.04 5844.431777
30.11 5844.368661
30.19 5844.305645
30.25 5844.242729
30.33 5844.179911
30.39 5844.117192
30.46 5844.054570
30.54 5843.992045
30.61 5843.929616
30.68 5843.867284
30.75 5843.805047
30.82 5843.742906
30.89 5843.680858
30.96 5843.618905
31.03 5843.557045
31.10 5843.495278
31.17 5843.433603
31.24 5843.372020
31.31 5843.310529
31.38 5843.249129
31.45 5843.187819
31.52 5843.126599
31.59 5843.065468
31.66 5843.004427
31.73 5842.943474
31.80 5842.882609
31.87 5842.821832
31.95 5842.761142
32.02 5842.700539
32.09 5842.640022
32.16 5842.579591
32.23 5842.519246
32.30 5842.458985
32.37 5842.398809
32.44 5842.338717
32.51 5842.278708
32.59 5842.218783
32.66 5842.158940
32.73 5842.099180
32.80 5842.039502
32.87 5841.979906
32.94 5841.920390
33.01 5841.860956
33.08 5841.801601
33.15 5841.742327
33.22 5841.683132
33.29 5841.624017
33.36 5841.564980
33.43 5841.506021
33.50 5841.447141
33.57 5841.388338
33.64 5841.329612
33.71 5841.270964
33.78 5841.212391
33.85 5841.153895
33.92 5841.095475
33.99 5841.037130
34.06 5840.978860
34.13 5840.920665
34.20 5840.862544
34.27 5840.804497
34.34 5840.746524
34.41 5840.688624
34.48 5840.630797
34.55 5840.573043
34.62 5840.515361
34.70 5840.457751
34.77 5840.400212
34.84 5840.342745
34.92 5840.285349
34.99 5840.228023
35.06 5840.170768
35.13 5840.113582
35.21 5840.056467
35.28 5839.999420
35.35 5839.942443
35.42 5839.885534
35.50 5839.828694
35.57 5839.771922
35.64 5839.715218
35.71 5839.658581
35.78 5839.602012
35.85 5839.545509
35.93 5839.489073
36.00 5839.432704
36.07 5839.376400
36.14 5839.320162
36.21 5839.263990
36.28 5839.207883
36.35 5839.151841
36.43 5839.095863
36.50 5839.039950
36.57 5838.984101
36.64 5838.928315
36.71 5838.872594
36.79 5838.816935
36.86 5838.761340
36.93 5838.705807
37.00 5838.650337
37.07 5838.594929
37.14 5838.539582
37.21 5838.484298
37.28 5838.429075
37.35 5838.373914
37.42 5838.318813
37.49 5838.263773
37.57 5838.208793
37.64 5838.153874
37.72 5838.099014
37.79 5838.044215
37.86 5837.989474
37.93 5837.934794
38.00 5837.880172
38.07 5837.825608
38.14 5837.771104
38.21 5837.716658
38.28 5837.662269
38.35 5837.607939
38.42 5837.553666
38.49 5837.499451
38.56 5837.445293
38.63 5837.391192
38.70 5837.337147
38.78 5837.283159
38.85 5837.229228
38.92 5837.175352
38.99 5837.121533
39.06 5837.067769
39.13 5837.014060
39.20 5836.960407
39.27 5836.906809
39.34 5836.853266
39.41 5836.799777
39.48 5836.746343
39.55 5836.692963
39.62 5836.639637
39.69 5836.586364
39.76 5836.533146
39.83 5836.479981
39.90 5836.426869
39.97 5836.373810
40.05 5836.320804
40.12 5836.267851
40.19 5836.214950
40.26 5836.162102
40.33 5836.109305
40.40 5836.056561
40.47 5836.003868
40.54 5835.951227
40.62 5835.898637
40.69 5835.846099
40.76 5835.793611
40.83 5835.741174
40.90 5835.688788
40.97 5835.636453
41.04 5835.584167
41.11 5835.531932
41.18 5835.479747
41.25 5835.427612
41.32 5835.375526
41.39 5835.323490
41.46 5835.271503
41.53 5835.219565
41.60 5835.167676
41.68 5835.115836
41.75 5835.064045
41.82 5835.012302
41.89 5834.960607
41.96 5834.908961
42.03 5834.857362
42.10 5834.805812
42.18 5834.754309
42.25 5834.702853
42.32 5834.651445
42.39 5834.600085
42.46 5834.548771
42.54 5834.497504
42.61 5834.446284
42.68 5834.395111
42.75 5834.343984
42.82 5834.292904
42.89 5834.241869
42.96 5834.190881
43.03 5834.139939
43.10 5834.089042
43.18 5834.038191
43.25 5833.987386
43.32 5833.936625
43.39 5833.885910
43.46 5833.835240
43.53 5833.784615
43.60 5833.734035
43.67 5833.683500
43.74 5833.633009
43.81 5833.582562
43.88 5833.532159
43.95 5833.481801
44.02 5833.431487
44.09 5833.381216
44.16 5833.330990
44.23 5833.280806
44.30 5833.230667
44.37 5833.180570
44.44 5833.130517
44.51 5833.080507
44.59 5833.030540
44.66 5832.980616
44.73 5832.930734
44.80 5832.880896
44.87 5832.831099
44.94 5832.781345
45.01 5832.731633
45.08 5832.681963
45.15 5832.632336
45.22 5832.582750
45.29 5832.533206
45.36 5832.483703
45.43 5832.434242
45.50 5832.384823
45.57 5832.335445
45.64 5832.286108
45.71 5832.236812
45.79 5832.187557
45.86 5832.138343
45.93 5832.089169
46.00 5832.040037
46.07 5831.990944
46.14 5831.941893
46.21 5831.892881
46.28 5831.843910
46.35 5831.794979
46.42 5831.746087
46.49 5831.697236
46.56 5831.648425
46.63 5831.599653
46.70 5831.550920
46.77 5831.502228
46.84 5831.453574
46.91 5831.404960
46.98 5831.356385
47.05 5831.307849
47.12 5831.259352
47.19 5831.210894
47.26 5831.162474
47.33 5831.114093
47.40 5831.065751
47.47 5831.017447
47.54 5830.969182
47.61 5830.920955
47.68 5830.872766
47.75 5830.824615
47.82 5830.776503
47.89 5830.728428
47.97 5830.680391
48.04 5830.632391
48.11 5830.584430
48.18 5830.536505
48.25 5830.488619
48.32 5830.440769
48.39 5830.392957
48.46 5830.345182
48.53 5830.297444
48.61 5830.249743
48.68 5830.202079
48.75 5830.154452
48.82 5830.106862
48.89 5830.059308
48.96 5830.011791
49.03 5829.964310
49.10 5829.916866
49.17 5829.869458
49.24 5829.822086
49.31 5829.774750
49.38 5829.727451
49.45 5829.680187
49.52 5829.632959
49.59 5829.585767
49.66 5829.538611
49.73 5829.491491
49.80 5829.444406
49.87 5829.397356
49.94 5829.350342
50.01 5829.303364
50.08 5829.256420
50.15 5829.209512
50.22 5829.162639
50.29 5829.115800
50.36 5829.068997
50.43 5829.022229
50.50 5828.975495
50.56 5828.928796
50.64 5828.882132
50.71 5828.835502
50.78 5828.788907
50.85 5828.742347
50.92 5828.695820
50.99 5828.649328
51.06 5828.602870
51.13 5828.556446
51.20 5828.510057
51.27 5828.463701
51.34 5828.417379
51.41 5828.371091
51.48 5828.324837
51.55 5828.278616
51.62 5828.232429
51.70 5828.186276
51.77 5828.140156
51.84 5828.094070
51.91 5828.048017
51.98 5828.001997
52.05 5827.956011
52.12 5827.910057
52.19 5827.864137
52.26 5827.818250
52.33 5827.772395
52.40 5827.726574
52.47 5827.680785
52.54 5827.635029
52.61 5827.589306
52.68 5827.543616
52.75 5827.497958
52.82 5827.452332
52.89 5827.406739
52.97 5827.361179
53.04 5827.315650
53.11 5827.270154
53.18 5827.224690
53.25 5827.179258
53.32 5827.133859
53.40 5827.088491
53.47 5827.043155
53.54 5826.997851
53.62 5826.952579
53.69 5826.907339
53.77 5826.862130
53.84 5826.816953
53.91 5826.771808
53.98 5826.726694
54.05 5826.681612
54.13 5826.636561
54.20 5826.591541
54.27 5826.546553
54.34 5826.501596
54.42 5826.456670
54.49 5826.411775
54.57 5826.366911
54.64 5826.322078
54.71 5826.277276
54.79 5826.232505
54.86 5826.187765
54.93 5826.143056
55.01 5826.098377
55.08 5826.053729
55.15 5826.009112
55.22 5825.964525
55.30 5825.919969
55.37 5825.875443
55.44 5825.830948
55.52 5825.786483
55.59 5825.742048
55.66 5825.697643
55.74 5825.653269
55.81 5825.608925
55.89 5825.564610
55.96 5825.520326
56.03 5825.476072
56.11 5825.431848
56.18 5825.387654
56.26 5825.343489
56.33 5825.299354
56.40 5825.255249
56.47 5825.211174
56.55 5825.167128
56.62 5825.123112
56.69 5825.079126
56.77 5825.035168
56.85 5824.991241
56.92 5824.947342
56.99 5824.903473
57.06 5824.859633
57.14 5824.815823
57.21 5824.772042
57.28 5824.728289
57.35 5824.684566
57.43 5824.640872
57.50 5824.597207
57.57 5824.553571
57.64 5824.509964
57.72 5824.466385
57.79 5824.422836
57.86 5824.379315
57.93 5824.335822
58.00 5824.292359
58.08 5824.248924
58.15 5824.205518
58.22 5824.162140
58.30 5824.118791
58.37 5824.075470
58.45 5824.032177
58.52 5823.988913
58.59 5823.945678
58.66 5823.902470
58.74 5823.859291
58.81 5823.816139
58.88 5823.773016
58.95 5823.729921
59.02 5823.686855
59.10 5823.643816
59.17 5823.600805
59.24 5823.557822
59.32 5823.514866
59.39 5823.471939
59.46 5823.429040
59.54 5823.386168
59.62 5823.343324
59.69 5823.300507
59.76 5823.257718
59.83 5823.214957
59.90 5823.172223
59.97 5823.129517
60.05 5823.086838
60.12 5823.044187
60.19 5823.001563
60.26 5822.958966
60.33 5822.916397
60.41 5822.873854
60.48 5822.831339
60.55 5822.788852
60.63 5822.746391
60.71 5822.703957
60.79 5822.661551
60.87 5822.619171
60.94 5822.576819
61.02 5822.534493
61.09 5822.492195
61.16 5822.449923
61.23 5822.407678
61.30 5822.365459
61.37 5822.323268
61.45 5822.281103
61.52 5822.238965
61.59 5822.196853
61.67 5822.154769
61.74 5822.112710
61.81 5822.070678
61.88 5822.028673
61.95 5821.986694
62.02 5821.944741
62.09 5821.902815
62.17 5821.860915
62.24 5821.819042
62.31 5821.777194
62.38 5821.735373
62.45 5821.693578
62.52 5821.651810
62.59 5821.610067
62.66 5821.568350
62.73 5821.526660
62.80 5821.484995
62.88 5821.443357
62.95 5821.401744
63.02 5821.360157
63.09 5821.318597
63.16 5821.277061
63.23 5821.235552
63.30 5821.194069
63.37 5821.152611
63.44 5821.111179
63.51 5821.069772
63.58 5821.028392
63.65 5820.987036
63.72 5820.945707
63.79 5820.904403
63.86 5820.863124
63.93 5820.821871
64.00 5820.780643
64.07 5820.739441
64.14 5820.698264
64.21 5820.657112
64.28 5820.615985
64.35 5820.574884
64.42 5820.533808
64.49 5820.492757
64.56 5820.451732
64.62 5820.410731
64.70 5820.369756
64.76 5820.328805
64.83 5820.287880
64.91 5820.246980
64.98 5820.206104
65.05 5820.165254
65.12 5820.124428
65.19 5820.083628
65.26 5820.042852
65.33 5820.002101
65.40 5819.961374
65.47 5819.920673
65.54 5819.879996
65.62 5819.839344
65.69 5819.798716
65.76 5819.758113
65.83 5819.717535
65.90 5819.676981
65.97 5819.636452
66.04 5819.595947
66.11 5819.555467
66.18 5819.515011
66.25 5819.474580
66.33 5819.434173
66.40 5819.393790
66.47 5819.353432
66.54 5819.313097
66.61 5819.272788
66.68 5819.232502
66.75 5819.192240
66.82 5819.152003
66.88 5819.111790
66.95 5819.071601
67.02 5819.031436
67.09 5818.991295
67.16 5818.951178
67.23 5818.911085
67.30 5818.871016
67.37 5818.830971
67.44 5818.790950
67.51 5818.750953
67.58 5818.710979
67.65 5818.671030
67.72 5818.631104
67.79 5818.591202
67.86 5818.551324
67.93 5818.511469
68.00 5818.471638
68.07 5818.431831
68.14 5818.392047
68.21 5818.352287
68.28 5818.312550
68.35 5818.272838
68.42 5818.233148
68.49 5818.193482
68.56 5818.153840
68.63 5818.114221
68.70 5818.074625
68.77 5818.035053
68.84 5817.995504
68.91 5817.955978
68.98 5817.916476
69.05 5817.876997
69.12 5817.837541
69.19 5817.798108
69.26 5817.758699
69.33 5817.719312
69.39 5817.679949
69.46 5817.640609
69.53 5817.601292
69.60 5817.561998
69.67 5817.522727
69.74 5817.483480
69.82 5817.444255
69.89 5817.405053
69.96 5817.365874
70.03 5817.326718
70.10 5817.287584
70.17 5817.248474
70.24 5817.209386
70.31 5817.170322
70.38 5817.131280
70.45 5817.092260
70.52 5817.053264
70.59 5817.014290
70.66 5816.975339
70.73 5816.936410
70.80 5816.897504
70.87 5816.858621
70.94 5816.819760
71.01 5816.780922
71.08 5816.742106
71.15 5816.703313
71.22 5816.664542
