0.00 5977.832652
0.58 5740.770545
1.14 5725.684564
1.71 5716.652567
2.28 5712.238718
2.84 5710.264056
3.41 5708.634414
3.97 5707.298759
4.53 5706.174406
5.09 5705.231446
5.65 5704.413084
6.21 5703.690510
6.77 5703.033262
7.32 5702.431286
7.89 5701.884983
8.47 5701.852122
9.06 5701.668055
9.62 5701.333255
10.19 5701.189272
10.75 5701.035266
11.30 5701.000619
11.88 5700.998556
12.46 5700.998504
13.02 5700.998478
13.58 5700.998464
14.15 5700.998457
14.72 5700.998454
15.29 5700.998452
15.84 5700.998451
16.40 5700.998451
16.97 5700.998451
