0.00 5977.832652
0.35 5904.441751
0.71 5862.208241
1.07 5832.504268
1.41 5809.297139
1.76 5791.017853
2.11 5776.590778
2.46 5765.183455
2.80 5756.155834
3.15 5749.012325
3.51 5743.365161
3.86 5738.908357
4.20 5735.399072
4.55 5732.643904
4.90 5730.488517
5.24 5728.809624
5.58 5727.508710
5.93 5726.507060
6.27 5725.741813
6.62 5725.162799
6.97 5724.730023
7.33 5724.411638
7.69 5724.182324
8.03 5724.021983
8.38 5723.914699
8.75 5723.847897
9.10 5723.811668
9.45 5723.798232
9.79 5723.794959
10.13 5723.779713
10.49 5723.756161
10.84 5723.727123
11.19 5723.694747
11.55 5723.660655
11.90 5723.626054
12.25 5723.591827
