0.00 13469.727141
0.17 13464.149550
0.34 13458.823799
0.51 13453.733221
0.68 13448.862697
0.86 13444.198453
1.03 13439.727934
1.20 13435.439650
1.37 13431.323064
1.54 13427.368475
1.72 13423.566975
1.89 13419.910293
2.06 13416.390811
2.22 13413.001434
2.39 13409.735579
2.56 13406.587116
2.73 13403.550312
2.90 13400.619818
3.07 13397.790632
3.24 13395.058055
3.40 13392.417670
3.57 13389.865334
3.74 13387.397136
3.91 13385.009400
4.07 13382.698648
4.24 13380.461598
4.41 13378.295132
4.57 13376.196320
4.74 13374.162381
4.91 13372.190663
5.07 13370.278654
5.25 13368.423979
5.42 13366.624375
5.59 13364.877682
5.76 13363.181847
5.93 13361.534920
6.09 13359.935043
6.26 13358.380435
6.43 13356.869413
6.60 13355.400352
6.77 13353.971713
6.93 13352.582023
7.10 13351.229865
7.27 13349.913897
7.44 13348.632834
7.60 13347.385435
7.77 13346.170529
7.94 13344.986977
8.11 13343.833689
8.27 13342.709651
8.44 13341.613841
8.61 13340.545319
8.79 13339.503168
8.97 13338.486509
9.14 13337.494492
9.31 13336.526310
9.48 13335.581192
9.66 13334.658381
9.83 13333.757156
10.01 13332.876840
10.19 13332.016757
10.37 13331.176282
10.55 13330.354781
10.74 13329.551676
10.93 13328.766399
11.11 13327.998390
11.30 13327.247140
11.48 13326.512115
11.67 13325.792843
11.85 13325.088854
12.04 13324.399681
12.22 13323.724885
12.39 13323.064059
12.55 13322.416778
12.72 13321.782655
12.89 13321.161310
13.06 13320.552377
13.24 13319.955498
13.42 13319.370331
13.59 13318.796544
13.76 13318.233827
13.92 13317.681862
14.09 13317.140358
14.25 13316.609015
14.42 13316.087563
14.59 13315.575737
14.76 13315.073264
14.93 13314.579904
15.10 13314.095408
15.27 13313.619538
15.45 13313.152075
15.63 13312.692776
15.80 13312.241442
15.96 13311.797865
16.13 13311.361849
16.30 13310.933187
16.46 13310.511694
16.63 13310.097191
16.80 13309.689503
16.96 13309.288452
17.13 13308.893873
17.30 13308.505607
17.47 13308.123485
17.63 13307.747372
17.80 13307.377122
17.97 13307.012571
18.13 13306.653594
18.30 13306.300059
18.47 13305.951829
18.63 13305.608774
18.80 13305.270772
18.97 13304.937715
19.14 13304.609474
19.31 13304.285936
19.48 13303.966998
19.65 13303.652548
19.82 13303.342482
19.98 13303.036691
20.15 13302.735095
20.32 13302.437592
20.49 13302.144079
20.65 13301.854473
20.82 13301.568692
20.99 13301.286636
21.15 13301.008242
21.32 13300.733410
21.49 13300.462068
21.65 13300.194144
21.82 13299.929558
21.99 13299.668240
22.16 13299.410117
22.32 13299.155118
22.49 13298.903174
22.66 13298.654245
22.82 13298.408226
22.99 13298.165087
23.16 13297.924753
23.33 13297.687168
23.50 13297.452275
23.68 13297.220021
23.85 13296.990340
24.03 13296.763194
24.20 13296.538523
24.37 13296.316281
24.54 13296.096415
24.71 13295.878871
24.88 13295.663614
25.05 13295.450596
25.22 13295.239762
25.39 13295.031079
25.55 13294.824501
25.73 13294.619989
25.90 13294.417494
26.07 13294.216989
26.25 13294.018425
26.43 13293.821775
26.62 13293.626986
26.81 13293.434042
26.99 13293.242888
27.16 13293.053506
27.34 13292.865852
27.54 13292.679902
27.71 13292.495616
27.89 13292.312970
28.07 13292.131921
28.24 13291.952458
28.41 13291.774536
28.58 13291.598139
28.75 13291.423226
28.92 13291.249782
29.09 13291.077778
29.26 13290.907177
29.43 13290.737968
29.60 13290.570113
29.77 13290.403603
29.94 13290.238403
30.11 13290.074488
30.29 13289.911852
30.46 13289.750453
30.63 13289.590277
30.80 13289.431307
30.98 13289.273508
31.16 13289.116889
31.33 13288.961402
31.51 13288.807031
31.69 13288.653769
31.87 13288.501594
32.04 13288.350477
32.21 13288.200410
32.38 13288.051376
32.56 13287.903356
32.73 13287.756330
32.90 13287.610284
33.07 13287.465205
33.24 13287.321073
33.41 13287.177874
33.58 13287.035594
33.76 13286.894215
33.93 13286.753732
34.10 13286.614122
34.28 13286.475363
34.46 13286.337459
34.64 13286.200386
34.82 13286.064137
35.00 13285.928694
35.17 13285.794047
35.34 13285.660182
35.52 13285.527090
35.69 13285.394754
35.87 13285.263173
36.05 13285.132324
36.22 13285.002196
36.39 13284.872785
36.56 13284.744079
36.74 13284.616068
36.91 13284.488739
37.08 13284.362084
37.26 13284.236084
37.45 13284.110755
37.64 13283.986049
37.82 13283.861987
38.00 13283.738555
38.19 13283.615731
38.37 13283.493515
38.55 13283.371902
38.73 13283.250884
38.91 13283.130446
39.09 13283.010573
39.27 13282.891273
39.45 13282.772532
39.63 13282.654336
39.80 13282.536692
39.99 13282.419575
40.17 13282.302993
40.34 13282.186927
40.52 13282.071368
40.69 13281.956327
40.87 13281.841783
41.04 13281.727737
41.22 13281.614171
41.39 13281.501094
41.57 13281.388478
41.74 13281.276342
41.91 13281.164668
42.09 13281.053449
42.26 13280.942675
42.43 13280.832349
42.61 13280.722462
42.78 13280.613008
42.96 13280.503983
43.14 13280.395378
43.33 13280.287193
43.51 13280.179421
43.69 13280.072058
43.86 13279.965091
44.04 13279.858531
44.23 13279.752349
44.41 13279.646560
44.60 13279.541159
44.78 13279.436134
44.95 13279.331481
45.13 13279.227202
45.31 13279.123287
45.48 13279.019725
45.66 13278.916523
45.84 13278.813677
46.02 13278.711181
46.19 13278.609024
46.36 13278.507210
46.54 13278.405732
46.71 13278.304586
46.89 13278.203771
47.07 13278.103278
47.24 13278.003114
47.41 13277.903261
47.59 13277.803728
47.77 13277.704509
47.96 13277.605582
48.13 13277.506972
48.30 13277.408658
48.49 13277.310646
48.66 13277.212924
48.85 13277.115503
49.02 13277.018362
49.20 13276.921507
49.37 13276.824940
49.54 13276.728649
49.72 13276.632635
49.89 13276.536896
50.07 13276.441422
50.24 13276.346224
50.41 13276.251288
50.59 13276.156609
50.77 13276.062203
50.95 13275.968049
51.12 13275.874143
51.29 13275.780500
51.46 13275.687107
51.63 13275.593959
51.80 13275.501050
51.97 13275.408391
52.14 13275.315970
52.32 13275.223787
52.49 13275.131841
52.66 13275.040130
52.83 13274.948648
53.00 13274.857395
53.17 13274.766375
53.35 13274.675572
53.53 13274.584996
53.71 13274.494646
53.88 13274.404509
54.06 13274.314591
54.24 13274.224885
54.41 13274.135394
54.58 13274.046117
54.75 13273.957045
54.92 13273.868185
55.10 13273.779529
55.27 13273.691072
55.45 13273.602825
55.62 13273.514775
55.79 13273.426924
55.97 13273.339273
56.14 13273.251810
56.31 13273.164547
56.48 13273.077473
56.66 13272.990592
56.83 13272.903896
57.00 13272.817393
57.17 13272.731067
57.34 13272.644934
57.52 13272.558983
57.69 13272.473210
57.86 13272.387618
58.04 13272.302202
58.21 13272.216964
58.38 13272.131905
58.57 13272.047018
58.74 13271.962307
58.92 13271.877761
59.09 13271.793394
59.27 13271.709185
59.45 13271.625151
59.62 13271.541281
59.80 13271.457580
59.98 13271.374038
60.15 13271.290663
60.33 13271.207442
60.52 13271.124385
60.70 13271.041488
60.89 13270.958748
61.06 13270.876170
61.24 13270.793740
61.41 13270.711470
61.59 13270.629341
61.76 13270.547378
61.93 13270.465560
62.12 13270.383896
62.30 13270.302376
62.49 13270.221010
62.67 13270.139780
62.85 13270.058712
63.04 13269.977778
63.21 13269.896991
63.38 13269.816347
63.55 13269.735844
63.73 13269.655483
63.91 13269.575258
64.08 13269.495172
64.25 13269.415234
64.42 13269.335427
64.60 13269.255757
64.77 13269.176217
64.94 13269.096822
65.11 13269.017550
65.29 13268.938415
65.46 13268.859418
65.63 13268.780547
65.80 13268.701807
65.97 13268.623196
66.15 13268.544713
66.33 13268.466360
66.50 13268.388126
66.68 13268.310034
66.85 13268.232055
67.03 13268.154204
67.20 13268.076483
67.38 13267.998873
67.55 13267.921401
67.73 13267.844037
67.90 13267.766798
68.08 13267.689688
68.25 13267.612694
68.43 13267.535810
68.60 13267.459052
68.78 13267.382409
68.96 13267.305880
69.13 13267.229476
69.31 13267.153178
69.49 13267.077001
69.66 13267.000937
69.83 13266.924986
70.01 13266.849150
70.18 13266.773424
70.35 13266.697806
70.53 13266.622309
70.71 13266.546915
70.88 13266.471636
71.05 13266.396464
71.23 13266.321400
71.41 13266.246444
71.58 13266.171593
71.76 13266.096854
71.94 13266.022222
72.12 13265.947696
72.29 13265.873269
72.46 13265.798953
72.64 13265.724733
72.81 13265.650625
72.99 13265.576619
73.17 13265.502715
73.34 13265.428911
73.52 13265.355208
73.70 13265.281609
73.87 13265.208108
74.05 13265.134711
74.22 13265.061408
74.40 13264.988204
74.58 13264.915102
74.76 13264.842098
74.94 13264.769192
75.11 13264.696383
75.28 13264.623667
75.46 13264.551053
75.63 13264.478527
75.80 13264.406105
75.97 13264.333775
76.15 13264.261534
76.32 13264.189394
76.50 13264.117345
76.67 13264.045389
76.85 13263.973526
77.02 13263.901756
77.19 13263.830074
77.37 13263.758483
77.54 13263.686988
77.71 13263.615583
77.88 13263.544261
78.05 13263.473032
78.23 13263.401900
78.40 13263.330848
78.57 13263.259881
78.74 13263.189011
78.91 13263.118227
79.08 13263.047534
79.26 13262.976919
79.43 13262.906400
79.60 13262.835961
79.78 13262.765606
79.95 13262.695340
80.12 13262.625161
80.29 13262.555059
80.47 13262.485052
80.64 13262.415120
80.81 13262.345275
80.99 13262.275515
81.16 13262.205828
81.33 13262.136240
81.50 13262.066734
81.68 13261.997296
81.85 13261.927949
82.03 13261.858680
82.20 13261.789486
82.38 13261.720381
82.56 13261.651360
82.74 13261.582402
82.91 13261.513543
83.09 13261.444751
83.26 13261.376042
83.43 13261.307414
83.61 13261.238858
83.78 13261.170385
83.96 13261.101990
84.14 13261.033670
84.31 13260.965431
84.49 13260.897265
84.66 13260.829175
84.84 13260.761171
85.02 13260.693233
85.19 13260.625370
85.37 13260.557588
85.55 13260.489876
85.73 13260.422245
85.90 13260.354689
86.07 13260.287199
86.25 13260.219792
86.42 13260.152450
86.60 13260.085185
86.78 13260.018000
86.95 13259.950875
87.13 13259.883833
87.31 13259.816859
87.48 13259.749966
87.65 13259.683131
87.82 13259.616376
88.00 13259.549689
88.18 13259.483076
88.35 13259.416534
88.52 13259.350060
88.70 13259.283654
88.89 13259.217322
89.06 13259.151069
89.24 13259.084867
89.41 13259.018743
89.59 13258.952696
89.76 13258.886707
89.94 13258.820791
90.11 13258.754946
90.28 13258.689164
90.45 13258.623458
90.62 13258.557813
90.80 13258.492235
90.97 13258.426726
91.14 13258.361289
91.32 13258.295916
91.49 13258.230608
91.67 13258.165363
91.84 13258.100194
92.02 13258.035082
92.19 13257.970037
92.36 13257.905066
92.54 13257.840151
92.72 13257.775306
92.90 13257.710522
93.08 13257.645808
93.25 13257.581153
93.43 13257.516568
93.60 13257.452044
93.78 13257.387582
93.95 13257.323187
94.13 13257.258854
94.30 13257.194590
94.48 13257.130384
94.66 13257.066238
94.83 13257.002162
95.01 13256.938145
95.19 13256.874194
95.36 13256.810292
95.54 13256.746466
95.71 13256.682702
95.88 13256.618990
96.06 13256.555348
96.23 13256.491763
96.40 13256.428241
96.58 13256.364774
96.76 13256.301380
96.93 13256.238040
97.10 13256.174759
97.27 13256.111536
97.44 13256.048376
97.62 13255.985281
97.79 13255.922238
97.96 13255.859259
98.13 13255.796339
98.31 13255.733476
98.48 13255.670671
98.65 13255.607931
98.83 13255.545241
99.00 13255.482615
99.17 13255.420046
99.35 13255.357536
99.53 13255.295086
99.70 13255.232690
99.88 13255.170352
100.05 13255.108076
100.24 13255.045855
100.41 13254.983689
100.59 13254.921583
100.76 13254.859536
100.94 13254.797534
101.11 13254.735601
101.29 13254.673722
101.46 13254.611902
101.64 13254.550123
101.81 13254.488420
101.99 13254.426765
102.16 13254.365160
102.34 13254.303612
102.51 13254.242132
102.69 13254.180693
102.87 13254.119316
103.04 13254.057990
103.22 13253.996719
103.39 13253.935513
103.57 13253.874346
103.74 13253.813242
103.91 13253.752188
104.09 13253.691195
104.27 13253.630254
104.45 13253.569370
104.63 13253.508532
104.80 13253.447752
104.97 13253.387022
105.14 13253.326343
105.32 13253.265726
105.49 13253.205160
105.66 13253.144641
105.84 13253.084173
106.01 13253.023771
106.18 13252.963413
106.36 13252.903103
106.53 13252.842855
106.70 13252.782650
106.87 13252.722508
107.05 13252.662408
107.22 13252.602364
107.40 13252.542371
107.58 13252.482434
107.75 13252.422539
107.93 13252.362698
108.11 13252.302912
108.29 13252.243174
108.47 13252.183488
108.64 13252.123850
108.82 13252.064265
108.99 13252.004732
109.17 13251.945256
109.34 13251.885824
109.52 13251.826440
109.69 13251.767105
109.86 13251.707815
110.04 13251.648587
110.22 13251.589402
110.40 13251.530268
110.58 13251.471187
110.75 13251.412147
110.92 13251.353162
111.10 13251.294226
111.28 13251.235341
111.46 13251.176498
111.63 13251.117711
111.81 13251.058969
111.99 13251.000278
112.16 13250.941635
112.34 13250.883039
112.51 13250.824493
112.68 13250.765995
112.86 13250.707545
113.04 13250.649137
113.21 13250.590783
113.39 13250.532481
113.57 13250.474216
113.74 13250.416007
113.91 13250.357842
114.08 13250.299723
114.25 13250.241651
114.43 13250.183637
114.61 13250.125654
114.79 13250.067728
114.97 13250.009847
115.15 13249.952013
115.34 13249.894223
115.51 13249.836481
115.69 13249.778786
115.87 13249.721132
116.04 13249.663534
116.22 13249.605968
116.39 13249.548468
116.57 13249.490999
116.74 13249.433582
116.91 13249.376205
117.09 13249.318879
117.26 13249.261596
117.43 13249.204358
117.61 13249.147174
117.79 13249.090032
117.96 13249.032925
118.14 13248.975871
118.32 13248.918850
118.49 13248.861893
118.66 13248.804971
118.83 13248.748089
119.01 13248.691269
119.18 13248.634476
119.36 13248.577737
119.54 13248.521034
119.71 13248.464383
119.89 13248.407776
120.06 13248.351208
120.24 13248.294688
120.41 13248.238212
120.59 13248.181781
120.76 13248.125390
120.93 13248.069045
121.11 13248.012742
121.29 13247.956473
121.46 13247.900265
121.64 13247.844098
121.81 13247.787964
121.98 13247.731876
122.16 13247.675836
122.34 13247.619839
122.52 13247.563880
122.71 13247.507970
122.88 13247.452097
123.06 13247.396265
123.23 13247.340484
123.40 13247.284741
123.57 13247.229037
123.75 13247.173380
123.92 13247.117764
124.09 13247.062194
124.27 13247.006663
124.44 13246.951167
124.62 13246.895719
124.79 13246.840319
124.96 13246.784955
125.14 13246.729629
125.31 13246.674350
125.48 13246.619113
125.65 13246.563919
125.83 13246.508758
126.01 13246.453642
126.19 13246.398574
126.36 13246.343540
126.55 13246.288551
126.73 13246.233602
126.91 13246.178694
127.09 13246.123821
127.27 13246.068994
127.44 13246.014211
127.61 13245.959468
127.80 13245.904764
127.97 13245.850094
128.15 13245.795474
128.32 13245.740889
128.50 13245.686343
128.68 13245.631843
128.86 13245.577380
129.03 13245.522957
129.21 13245.468579
129.38 13245.414232
129.56 13245.359930
129.73 13245.305673
129.91 13245.251442
130.08 13245.197267
130.25 13245.143121
130.43 13245.089016
130.61 13245.034955
130.78 13244.980927
130.95 13244.926937
131.13 13244.872994
131.30 13244.819086
131.48 13244.765220
131.65 13244.711392
131.83 13244.657604
132.00 13244.603852
132.17 13244.550139
132.35 13244.496466
132.52 13244.442829
132.69 13244.389235
132.86 13244.335683
133.04 13244.282164
133.22 13244.228686
133.39 13244.175245
133.56 13244.121842
133.74 13244.068476
133.91 13244.015147
134.08 13243.961859
134.26 13243.908610
134.43 13243.855397
134.61 13243.802221
134.78 13243.749086
134.96 13243.695985
135.13 13243.642932
135.30 13243.589909
135.48 13243.536924
135.65 13243.483978
135.84 13243.431068
136.01 13243.378196
136.19 13243.325361
136.37 13243.272565
136.54 13243.219809
136.72 13243.167082
136.89 13243.114398
137.06 13243.061753
137.24 13243.009141
137.42 13242.956563
137.59 13242.904026
137.76 13242.851528
137.94 13242.799065
138.11 13242.746643
138.28 13242.694255
138.46 13242.641905
138.63 13242.589581
138.81 13242.537304
138.99 13242.485055
139.16 13242.432850
139.33 13242.380681
139.50 13242.328550
139.68 13242.276447
139.86 13242.224392
140.03 13242.172358
140.20 13242.120374
140.38 13242.068425
140.55 13242.016509
140.73 13241.964627
140.90 13241.912780
141.08 13241.860969
141.26 13241.809199
141.43 13241.757469
141.61 13241.705762
141.78 13241.654098
141.95 13241.602469
142.13 13241.550868
142.30 13241.499307
142.47 13241.447789
142.64 13241.396294
142.82 13241.344844
142.99 13241.293430
143.16 13241.242044
143.34 13241.190695
143.51 13241.139382
143.69 13241.088109
143.86 13241.036866
144.04 13240.985661
144.21 13240.934491
144.38 13240.883346
144.56 13240.832243
144.73 13240.781180
144.91 13240.730147
145.09 13240.679147
145.26 13240.628184
145.43 13240.577259
145.61 13240.526363
145.79 13240.475504
145.96 13240.424672
146.13 13240.373882
146.30 13240.323126
146.48 13240.272398
146.66 13240.221717
146.83 13240.171056
147.01 13240.120435
147.18 13240.069853
147.36 13240.019301
147.54 13239.968779
147.71 13239.918296
147.89 13239.867848
148.06 13239.817426
148.23 13239.767046
148.40 13239.716698
148.57 13239.666379
148.75 13239.616100
148.92 13239.565851
149.09 13239.515639
149.27 13239.465459
149.44 13239.415309
149.62 13239.365197
149.79 13239.315115
149.97 13239.265063
150.14 13239.215055
150.31 13239.165066
150.48 13239.115118
150.65 13239.065210
150.82 13239.015330
151.00 13238.965480
151.17 13238.915663
151.34 13238.865880
151.51 13238.816126
151.68 13238.766416
151.86 13238.716728
152.03 13238.667079
152.20 13238.617458
152.37 13238.567873
152.54 13238.518324
152.72 13238.468798
152.89 13238.419312
153.07 13238.369859
153.24 13238.320431
153.42 13238.271046
153.60 13238.221684
153.78 13238.172359
153.96 13238.123068
154.13 13238.073804
154.31 13238.024577
154.49 13237.975381
154.66 13237.926214
154.84 13237.877082
155.01 13237.827983
155.19 13237.778914
155.36 13237.729875
155.53 13237.680868
155.70 13237.631900
155.87 13237.582953
156.05 13237.534048
156.22 13237.485176
156.39 13237.436325
156.56 13237.387513
156.73 13237.338724
156.91 13237.289975
157.08 13237.241256
157.25 13237.192570
157.43 13237.143916
157.60 13237.095291
157.78 13237.046695
157.95 13236.998132
158.12 13236.949602
158.30 13236.901102
158.47 13236.852637
158.65 13236.804200
158.82 13236.755789
159.00 13236.707419
159.18 13236.659070
159.35 13236.610756
159.53 13236.562476
159.70 13236.514219
159.88 13236.466009
160.05 13236.417816
160.23 13236.369661
160.40 13236.321532
160.58 13236.273437
160.75 13236.225367
160.93 13236.177340
161.10 13236.129330
161.28 13236.081350
161.46 13236.033410
161.63 13235.985499
161.81 13235.937614
161.99 13235.889763
162.16 13235.841943
162.33 13235.794151
162.51 13235.746393
162.68 13235.698655
162.86 13235.650962
163.03 13235.603285
163.21 13235.555650
163.38 13235.508038
163.56 13235.460461
163.73 13235.412908
163.90 13235.365391
164.08 13235.317902
164.25 13235.270445
164.42 13235.223012
164.59 13235.175610
164.77 13235.128239
164.94 13235.080899
165.13 13235.033593
165.30 13234.986309
165.48 13234.939056
165.66 13234.891840
165.83 13234.844650
166.00 13234.797483
166.18 13234.750353
166.35 13234.703253
166.53 13234.656180
166.71 13234.609131
166.88 13234.562122
167.06 13234.515133
167.23 13234.468180
167.40 13234.421255
167.58 13234.374352
167.75 13234.327490
167.92 13234.280652
168.10 13234.233845
168.27 13234.187062
168.45 13234.140309
168.62 13234.093590
168.80 13234.046894
168.97 13234.000233
169.15 13233.953600
169.32 13233.906990
169.49 13233.860412
169.67 13233.813865
169.84 13233.767343
170.02 13233.720860
170.19 13233.674401
170.37 13233.627961
170.54 13233.581558
170.71 13233.535179
170.89 13233.488832
171.07 13233.442517
171.24 13233.396229
171.42 13233.349969
171.59 13233.303727
171.77 13233.257530
171.95 13233.211356
172.12 13233.165212
172.30 13233.119094
172.47 13233.073002
172.65 13233.026936
172.83 13232.980904
173.00 13232.934898
173.17 13232.888922
173.35 13232.842972
173.52 13232.797052
173.69 13232.751159
173.87 13232.705296
174.04 13232.659457
174.22 13232.613649
174.40 13232.567869
