0.00 13469.727141
2.29 13193.100076
4.70 13123.581734
7.11 13106.968472
9.53 13098.216908
11.94 13091.934073
14.37 13087.146062
16.88 13083.392848
19.31 13080.382771
21.76 13077.908903
23.92 13075.828325
25.90 13074.028108
27.88 13072.460884
29.87 13071.064722
31.84 13069.798280
33.82 13068.647105
35.81 13067.593623
37.79 13066.624824
39.76 13065.730297
41.76 13064.901169
44.22 13064.129949
46.64 13063.410499
49.05 13062.738083
51.48 13062.109611
53.89 13061.523431
56.30 13060.978187
58.71 13060.472073
61.11 13060.002901
63.52 13059.568448
65.89 13059.166600
68.29 13058.795363
70.72 13058.452904
73.15 13058.137536
75.56 13057.847725
78.01 13057.582061
80.44 13057.339229
