0.00 5286.094660
0.18 5283.625044
0.38 5281.197602
0.56 5278.811523
0.71 5276.466017
0.86 5274.160306
1.02 5271.893632
1.17 5269.665249
1.32 5267.474428
1.48 5265.320456
1.63 5263.202634
1.78 5261.120275
1.93 5259.072709
2.09 5257.059279
2.24 5255.079340
2.39 5253.132262
2.55 5251.217428
2.70 5249.334230
2.86 5247.482077
3.01 5245.660387
3.16 5243.868591
3.32 5242.106130
3.47 5240.372460
3.63 5238.667042
3.78 5236.989354
3.94 5235.338881
4.09 5233.715118
4.24 5232.117572
4.40 5230.545760
4.55 5228.999206
4.71 5227.477446
4.86 5225.980025
5.01 5224.506495
5.17 5223.056420
5.32 5221.629371
5.48 5220.224927
5.63 5218.842676
5.78 5217.482214
5.94 5216.143146
6.09 5214.825083
6.25 5213.527644
6.40 5212.250458
6.55 5210.993157
6.71 5209.755384
6.86 5208.536787
7.01 5207.337022
7.17 5206.155750
7.32 5204.992641
7.47 5203.847369
7.63 5202.719617
7.78 5201.609071
7.93 5200.515425
8.08 5199.438380
8.23 5198.377641
8.39 5197.332918
8.54 5196.303930
8.69 5195.290397
8.84 5194.292047
9.00 5193.308613
9.15 5192.339834
9.31 5191.385452
9.47 5190.445215
9.63 5189.518875
9.78 5188.606190
9.93 5187.706922
10.09 5186.820838
10.24 5185.947708
10.40 5185.087309
10.55 5184.239418
10.70 5183.403821
10.86 5182.580305
11.01 5181.768662
11.17 5180.968687
11.32 5180.180181
11.47 5179.402946
11.63 5178.636790
11.78 5177.881523
11.93 5177.136960
12.09 5176.402918
12.24 5175.679219
12.39 5174.965686
12.55 5174.262148
12.70 5173.568435
12.85 5172.884382
13.01 5172.209825
13.16 5171.544605
13.32 5170.888565
13.47 5170.241550
13.62 5169.603410
13.78 5168.973996
13.93 5168.353162
14.09 5167.740766
14.25 5167.136667
14.40 5166.540727
14.56 5165.952810
14.71 5165.372785
14.87 5164.800521
15.02 5164.235889
15.18 5163.678764
15.33 5163.129022
15.48 5162.586543
15.64 5162.051206
15.79 5161.522896
15.95 5161.001498
16.10 5160.486898
16.25 5159.978987
16.41 5159.477656
16.56 5158.982797
16.71 5158.494306
16.86 5158.012080
17.02 5157.536018
17.17 5157.066021
17.32 5156.601991
17.47 5156.143832
17.63 5155.691451
17.78 5155.244754
17.93 5154.803651
18.08 5154.368053
18.24 5153.937873
18.39 5153.513023
18.54 5153.093420
18.70 5152.678981
18.85 5152.269623
19.00 5151.865267
19.16 5151.465835
19.31 5151.071247
19.47 5150.681429
19.62 5150.296306
19.77 5149.915804
19.93 5149.539852
20.08 5149.168377
20.24 5148.801312
20.39 5148.438586
20.55 5148.080133
20.70 5147.725887
20.86 5147.375783
21.01 5147.029756
21.17 5146.687745
21.32 5146.349687
21.47 5146.015522
21.63 5145.685190
21.78 5145.358633
21.94 5145.035792
22.09 5144.716612
22.24 5144.401037
22.40 5144.089012
22.55 5143.780483
22.71 5143.475398
22.86 5143.173704
23.02 5142.875350
23.17 5142.580287
23.32 5142.288464
23.48 5141.999833
23.63 5141.714347
23.78 5141.431959
23.94 5141.152622
24.09 5140.876290
24.24 5140.602921
24.40 5140.332468
24.55 5140.064890
24.70 5139.800144
24.86 5139.538187
25.01 5139.278980
25.17 5139.022482
25.32 5138.768653
25.47 5138.517453
25.63 5138.268845
25.78 5138.022791
25.93 5137.779254
26.09 5137.538196
26.24 5137.299583
26.39 5137.063379
26.55 5136.829548
26.70 5136.598058
26.86 5136.368873
27.01 5136.141962
27.16 5135.917291
27.31 5135.694828
27.47 5135.474542
27.62 5135.256402
27.77 5135.040377
27.93 5134.826438
28.08 5134.614554
28.23 5134.404697
28.39 5134.196839
28.54 5133.990949
28.69 5133.787003
28.85 5133.584971
29.00 5133.384827
29.16 5133.186545
29.31 5132.990098
29.46 5132.795462
29.61 5132.602611
29.77 5132.411520
29.92 5132.222165
30.08 5132.034522
30.23 5131.848567
30.38 5131.664277
30.54 5131.481630
30.69 5131.300602
30.84 5131.121171
31.00 5130.943316
31.15 5130.767015
31.30 5130.592247
31.45 5130.418992
31.61 5130.247228
31.76 5130.076936
31.91 5129.908095
32.07 5129.740686
32.22 5129.574691
32.37 5129.410089
32.53 5129.246863
32.68 5129.084993
32.83 5128.924462
32.98 5128.765252
33.14 5128.607346
33.29 5128.450725
33.44 5128.295374
33.59 5128.141275
33.75 5127.988412
33.90 5127.836768
34.05 5127.686328
34.20 5127.537076
34.36 5127.388997
34.51 5127.242074
34.66 5127.096293
34.81 5126.951639
34.96 5126.808098
35.12 5126.665655
35.27 5126.524296
35.42 5126.384006
35.57 5126.244773
35.73 5126.106583
35.88 5125.969422
36.03 5125.833277
36.18 5125.698135
36.33 5125.563984
36.49 5125.430810
36.64 5125.298602
36.80 5125.167348
36.95 5125.037034
37.11 5124.907650
37.26 5124.779184
37.42 5124.651624
37.57 5124.524958
37.73 5124.399177
37.88 5124.274268
38.04 5124.150221
38.19 5124.027025
38.34 5123.904670
38.49 5123.783145
38.65 5123.662440
38.80 5123.542544
38.95 5123.423449
39.10 5123.305144
39.26 5123.187620
39.41 5123.070866
39.56 5122.954874
39.71 5122.839635
39.86 5122.725139
40.02 5122.611377
40.17 5122.498340
40.32 5122.386021
40.48 5122.274409
40.63 5122.163497
40.78 5122.053276
40.93 5121.943738
41.09 5121.834875
41.24 5121.726679
41.39 5121.619142
41.54 5121.512257
41.70 5121.406014
41.85 5121.300408
42.00 5121.195430
42.15 5121.091073
42.30 5120.987330
42.46 5120.884194
42.61 5120.781657
42.76 5120.679713
42.91 5120.578355
43.07 5120.477576
43.22 5120.377369
43.37 5120.277728
43.52 5120.178647
43.67 5120.080118
43.83 5119.982136
43.98 5119.884694
44.13 5119.787786
44.28 5119.691407
44.43 5119.595550
44.59 5119.500209
44.74 5119.405378
44.89 5119.311052
45.04 5119.217225
45.19 5119.123892
45.35 5119.031047
45.50 5118.938684
45.65 5118.846799
45.80 5118.755385
45.96 5118.664438
46.11 5118.573953
46.26 5118.483924
46.41 5118.394346
46.56 5118.305216
46.72 5118.216526
46.87 5118.128274
47.02 5118.040454
47.17 5117.953061
47.32 5117.866091
47.48 5117.779539
47.63 5117.693401
47.78 5117.607672
47.93 5117.522348
48.08 5117.437425
48.24 5117.352898
48.39 5117.268764
48.54 5117.185017
48.69 5117.101654
48.85 5117.018671
49.00 5116.936063
49.15 5116.853828
49.31 5116.771960
49.46 5116.690457
49.61 5116.609314
49.76 5116.528528
49.92 5116.448095
50.07 5116.368010
50.22 5116.288272
50.38 5116.208876
50.53 5116.129818
50.68 5116.051095
50.84 5115.972704
50.99 5115.894642
51.14 5115.816904
51.30 5115.739489
51.45 5115.662391
51.60 5115.585610
51.76 5115.509140
51.91 5115.432979
52.07 5115.357124
52.22 5115.281572
52.37 5115.206320
52.53 5115.131364
52.68 5115.056703
52.83 5114.982332
52.99 5114.908250
53.14 5114.834454
53.29 5114.760939
53.44 5114.687705
53.60 5114.614748
53.75 5114.542065
53.90 5114.469654
54.06 5114.397512
54.21 5114.325636
54.36 5114.254025
54.52 5114.182675
54.67 5114.111584
54.83 5114.040749
54.98 5113.970169
55.13 5113.899840
55.28 5113.829761
55.44 5113.759928
55.60 5113.690340
55.76 5113.620995
55.91 5113.551889
56.07 5113.483022
56.22 5113.414390
56.37 5113.345992
56.53 5113.277825
56.71 5113.209887
56.88 5113.142176
57.03 5113.074690
57.19 5113.007428
57.34 5112.940386
57.50 5112.873563
57.66 5112.806957
57.81 5112.740566
57.98 5112.674388
58.13 5112.608422
58.29 5112.542665
58.44 5112.477115
58.60 5112.411770
58.75 5112.346630
58.91 5112.281691
59.06 5112.216953
59.22 5112.152413
59.37 5112.088069
59.53 5112.023921
59.68 5111.959966
59.84 5111.896203
60.00 5111.832629
60.15 5111.769244
60.31 5111.706045
60.47 5111.643032
60.63 5111.580202
60.80 5111.517554
60.96 5111.455087
61.12 5111.392798
61.27 5111.330687
61.43 5111.268752
61.58 5111.206991
61.74 5111.145403
61.89 5111.083986
62.05 5111.022740
62.21 5110.961662
62.36 5110.900752
62.52 5110.840007
62.68 5110.779427
62.84 5110.719011
63.01 5110.658756
63.18 5110.598662
63.34 5110.538727
63.49 5110.478949
63.65 5110.419329
63.81 5110.359864
63.96 5110.300554
64.12 5110.241396
64.27 5110.182390
64.43 5110.123535
64.59 5110.064829
64.75 5110.006271
64.90 5109.947860
65.06 5109.889595
65.21 5109.831475
65.36 5109.773498
65.51 5109.715664
65.67 5109.657972
65.82 5109.600420
65.97 5109.543007
66.12 5109.485732
66.28 5109.428594
66.43 5109.371593
66.60 5109.314726
66.75 5109.257994
66.91 5109.201394
67.06 5109.144927
67.23 5109.088591
67.38 5109.032384
67.53 5108.976307
67.69 5108.920358
67.84 5108.864537
67.99 5108.808841
68.14 5108.753271
68.30 5108.697826
68.45 5108.642504
68.60 5108.587304
68.75 5108.532227
68.91 5108.477270
69.06 5108.422433
69.21 5108.367716
69.36 5108.313117
69.51 5108.258635
69.67 5108.204270
69.82 5108.150021
69.97 5108.095887
70.12 5108.041867
70.28 5107.987961
70.43 5107.934167
70.58 5107.880485
70.74 5107.826914
70.89 5107.773453
71.04 5107.720102
71.20 5107.666860
71.35 5107.613726
71.50 5107.560700
71.66 5107.507779
71.81 5107.454965
71.97 5107.402256
72.12 5107.349652
72.27 5107.297151
72.43 5107.244754
72.58 5107.192458
72.74 5107.140265
72.89 5107.088173
73.04 5107.036181
73.20 5106.984289
73.35 5106.932496
73.50 5106.880802
73.65 5106.829205
73.81 5106.777706
73.96 5106.726303
74.11 5106.674996
74.26 5106.623785
74.41 5106.572669
74.57 5106.521646
74.72 5106.470717
74.87 5106.419882
75.02 5106.369138
75.18 5106.318487
75.33 5106.267927
75.48 5106.217457
75.63 5106.167078
75.79 5106.116788
75.94 5106.066588
76.09 5106.016476
76.24 5105.966452
76.40 5105.916515
76.55 5105.866665
76.70 5105.816902
76.85 5105.767225
77.00 5105.717633
77.16 5105.668126
77.31 5105.618703
77.46 5105.569364
77.61 5105.520109
77.77 5105.470937
77.92 5105.421847
78.07 5105.372839
78.22 5105.323912
78.37 5105.275067
78.53 5105.226302
78.68 5105.177617
78.83 5105.129012
78.98 5105.080486
79.14 5105.032038
79.29 5104.983670
79.44 5104.935378
79.59 5104.887165
79.74 5104.839028
79.90 5104.790968
80.05 5104.742984
80.20 5104.695076
80.35 5104.647244
80.51 5104.599486
80.66 5104.551802
80.81 5104.504193
80.96 5104.456658
81.12 5104.409195
81.27 5104.361806
81.42 5104.314490
81.57 5104.267245
81.72 5104.220072
81.88 5104.172971
82.03 5104.125941
82.18 5104.078981
82.33 5104.032092
82.48 5103.985272
82.64 5103.938523
82.79 5103.891842
82.94 5103.845230
83.09 5103.798687
83.25 5103.752212
83.40 5103.705805
83.55 5103.659465
83.70 5103.613192
83.85 5103.566986
84.01 5103.520847
84.16 5103.474774
84.31 5103.428767
84.46 5103.382825
84.61 5103.336948
84.77 5103.291136
84.92 5103.245389
85.07 5103.199706
85.22 5103.154087
85.37 5103.108531
85.53 5103.063039
85.68 5103.017610
85.83 5102.972243
85.98 5102.926939
86.14 5102.881697
86.29 5102.836517
86.44 5102.791399
86.59 5102.746341
86.74 5102.701345
86.90 5102.656409
87.06 5102.611534
87.22 5102.566719
87.37 5102.521964
87.52 5102.477268
87.68 5102.432632
87.83 5102.388055
87.98 5102.343536
88.13 5102.299076
88.29 5102.254675
88.44 5102.210331
88.59 5102.166045
88.74 5102.121817
88.90 5102.077646
89.05 5102.033532
89.20 5101.989474
89.35 5101.945473
89.50 5101.901529
89.66 5101.857640
89.81 5101.813807
89.96 5101.770030
90.11 5101.726308
90.27 5101.682641
90.42 5101.639029
90.57 5101.595472
90.72 5101.551969
90.87 5101.508520
91.03 5101.465125
91.18 5101.421784
91.33 5101.378496
91.48 5101.335262
91.64 5101.292080
91.79 5101.248952
91.94 5101.205876
92.09 5101.162852
92.24 5101.119881
92.40 5101.076962
92.55 5101.034094
92.70 5100.991278
92.85 5100.948514
93.01 5100.905800
93.16 5100.863138
93.31 5100.820526
93.46 5100.777965
93.61 5100.735454
93.77 5100.692994
93.92 5100.650583
94.07 5100.608223
94.23 5100.565912
94.38 5100.523650
94.53 5100.481438
94.68 5100.439275
94.84 5100.397160
94.99 5100.355094
95.14 5100.313077
95.29 5100.271108
95.45 5100.229187
95.61 5100.187315
95.76 5100.145490
95.92 5100.103712
96.07 5100.061983
96.23 5100.020300
96.38 5099.978664
96.54 5099.937076
96.69 5099.895534
96.84 5099.854039
97.00 5099.812590
97.15 5099.771187
97.30 5099.729831
97.46 5099.688521
97.61 5099.647256
97.76 5099.606037
97.92 5099.564863
98.07 5099.523735
98.22 5099.482652
98.37 5099.441614
98.53 5099.400621
98.68 5099.359672
98.83 5099.318768
98.98 5099.277909
99.14 5099.237093
99.29 5099.196322
99.44 5099.155595
99.59 5099.114911
99.75 5099.074271
99.90 5099.033675
100.06 5098.993122
100.21 5098.952612
100.37 5098.912145
100.52 5098.871722
100.68 5098.831341
100.83 5098.791003
100.99 5098.750707
101.14 5098.710454
101.29 5098.670242
101.45 5098.630074
101.60 5098.589947
101.76 5098.549861
101.91 5098.509818
102.06 5098.469816
102.21 5098.429856
102.37 5098.389937
102.52 5098.350059
102.67 5098.310223
102.82 5098.270427
102.97 5098.230672
103.13 5098.190958
103.28 5098.151284
103.44 5098.111651
103.60 5098.072058
103.75 5098.032506
103.90 5097.992993
104.06 5097.953521
104.21 5097.914088
104.36 5097.874695
104.51 5097.835342
104.66 5097.796028
104.82 5097.756754
104.97 5097.717519
105.12 5097.678323
105.27 5097.639166
105.43 5097.600048
105.58 5097.560969
105.73 5097.521928
105.88 5097.482927
106.03 5097.443963
106.19 5097.405038
106.34 5097.366152
106.49 5097.327303
106.64 5097.288493
106.80 5097.249720
106.95 5097.210985
107.10 5097.172288
107.25 5097.133629
107.40 5097.095007
107.56 5097.056423
107.71 5097.017876
107.86 5096.979366
108.01 5096.940894
108.16 5096.902458
108.32 5096.864059
108.47 5096.825697
108.62 5096.787372
108.77 5096.749084
108.92 5096.710832
109.08 5096.672616
109.23 5096.634437
109.38 5096.596294
109.53 5096.558187
109.69 5096.520116
109.84 5096.482081
109.99 5096.444082
110.14 5096.406119
110.29 5096.368191
110.45 5096.330299
110.60 5096.292443
110.75 5096.254622
110.90 5096.216836
111.06 5096.179086
111.21 5096.141370
111.36 5096.103690
111.51 5096.066044
111.67 5096.028434
111.82 5095.990858
111.97 5095.953317
112.12 5095.915811
112.28 5095.878339
112.43 5095.840901
112.58 5095.803498
112.73 5095.766129
112.88 5095.728794
113.04 5095.691494
113.19 5095.654227
113.34 5095.616995
113.50 5095.579796
113.65 5095.542631
113.80 5095.505500
113.95 5095.468402
114.11 5095.431338
114.26 5095.394307
114.41 5095.357310
114.56 5095.320346
114.72 5095.283415
114.87 5095.246517
115.02 5095.209653
115.17 5095.172821
115.33 5095.136022
115.48 5095.099257
115.63 5095.062523
115.78 5095.025823
115.93 5094.989155
116.09 5094.952520
116.24 5094.915917
116.39 5094.879347
116.54 5094.842809
116.70 5094.806303
116.85 5094.769829
117.00 5094.733387
117.15 5094.696978
117.30 5094.660600
117.46 5094.624254
117.61 5094.587940
117.77 5094.551658
117.93 5094.515408
118.08 5094.479189
118.23 5094.443001
118.39 5094.406845
118.54 5094.370721
118.69 5094.334627
118.84 5094.298566
119.00 5094.262535
119.15 5094.226535
119.30 5094.190566
119.46 5094.154629
119.61 5094.118722
119.78 5094.082846
119.93 5094.047001
120.08 5094.011187
120.24 5093.975403
120.39 5093.939650
120.54 5093.903928
120.69 5093.868236
120.85 5093.832574
121.00 5093.796943
121.15 5093.761342
121.30 5093.725771
121.46 5093.690230
121.61 5093.654720
121.76 5093.619239
121.91 5093.583789
122.07 5093.548368
122.22 5093.512978
122.38 5093.477617
122.53 5093.442285
122.69 5093.406984
122.84 5093.371712
123.00 5093.336469
123.15 5093.301256
123.31 5093.266073
123.46 5093.230919
123.62 5093.195794
123.77 5093.160698
123.92 5093.125632
124.07 5093.090595
124.23 5093.055587
124.38 5093.020608
124.53 5092.985658
124.68 5092.950736
124.83 5092.915844
124.99 5092.880981
125.14 5092.846146
125.29 5092.811340
125.44 5092.776562
125.60 5092.741813
125.75 5092.707093
125.90 5092.672401
126.05 5092.637738
126.20 5092.603103
126.36 5092.568496
126.51 5092.533917
126.66 5092.499367
126.81 5092.464845
126.96 5092.430351
127.12 5092.395885
127.27 5092.361447
127.42 5092.327037
127.57 5092.292654
127.72 5092.258300
127.88 5092.223974
128.03 5092.189675
128.18 5092.155404
128.33 5092.121160
128.48 5092.086944
128.64 5092.052756
128.79 5092.018595
128.94 5091.984461
129.09 5091.950355
129.25 5091.916277
129.40 5091.882225
129.55 5091.848201
129.70 5091.814204
129.85 5091.780234
130.01 5091.746291
130.16 5091.712375
130.31 5091.678487
130.46 5091.644625
130.62 5091.610790
130.77 5091.576982
130.92 5091.543200
131.07 5091.509446
131.22 5091.475718
131.38 5091.442017
131.53 5091.408342
131.68 5091.374694
131.83 5091.341073
131.98 5091.307478
132.14 5091.273910
132.29 5091.240367
132.44 5091.206852
132.59 5091.173362
132.75 5091.139899
132.90 5091.106462
133.05 5091.073051
133.20 5091.039666
133.35 5091.006307
133.51 5090.972975
133.66 5090.939668
133.81 5090.906387
133.96 5090.873132
134.12 5090.839903
134.27 5090.806700
134.42 5090.773523
134.57 5090.740371
134.73 5090.707245
134.88 5090.674145
135.03 5090.641070
135.18 5090.608021
135.33 5090.574997
135.49 5090.541999
135.64 5090.509026
135.79 5090.476078
135.94 5090.443156
136.09 5090.410259
136.24 5090.377388
136.40 5090.344542
136.55 5090.311720
136.70 5090.278924
136.86 5090.246153
137.01 5090.213408
137.16 5090.180687
137.31 5090.147991
137.47 5090.115320
137.62 5090.082674
137.77 5090.050053
137.92 5090.017456
138.07 5089.984885
138.23 5089.952338
138.38 5089.919816
138.53 5089.887318
138.68 5089.854845
138.84 5089.822397
138.99 5089.789973
139.14 5089.757574
139.29 5089.725199
139.45 5089.692849
139.60 5089.660522
139.75 5089.628221
139.90 5089.595943
140.05 5089.563690
140.21 5089.531462
140.36 5089.499257
140.51 5089.467076
140.66 5089.434920
140.82 5089.402788
140.97 5089.370679
141.12 5089.338595
141.27 5089.306535
141.42 5089.274499
141.58 5089.242486
141.73 5089.210498
141.88 5089.178533
142.03 5089.146592
142.19 5089.114675
142.34 5089.082781
142.49 5089.050911
142.64 5089.019065
142.79 5088.987243
142.95 5088.955444
143.10 5088.923668
143.25 5088.891916
143.40 5088.860188
143.55 5088.828483
143.71 5088.796801
143.86 5088.765143
144.01 5088.733508
144.16 5088.701897
144.31 5088.670308
144.47 5088.638743
144.62 5088.607201
144.77 5088.575682
144.93 5088.544187
145.09 5088.512714
145.24 5088.481264
145.39 5088.449838
145.55 5088.418434
145.70 5088.387054
145.85 5088.355696
146.01 5088.324361
146.16 5088.293050
146.31 5088.261760
146.47 5088.230494
146.62 5088.199251
146.77 5088.168030
146.92 5088.136832
147.08 5088.105656
147.23 5088.074503
147.38 5088.043373
147.54 5088.012265
147.69 5087.981180
147.84 5087.950117
147.99 5087.919077
148.14 5087.888059
148.30 5087.857064
148.45 5087.826091
148.60 5087.795140
148.75 5087.764212
148.91 5087.733305
149.06 5087.702422
149.21 5087.671560
149.37 5087.640720
149.53 5087.609903
149.70 5087.579108
149.86 5087.548334
150.02 5087.517583
150.18 5087.486854
150.35 5087.456147
150.51 5087.425462
150.67 5087.394799
150.83 5087.364157
150.99 5087.333538
151.14 5087.302940
151.29 5087.272364
151.44 5087.241810
151.60 5087.211278
151.75 5087.180767
151.90 5087.150278
152.05 5087.119811
152.21 5087.089365
152.36 5087.058941
152.51 5087.028539
152.66 5086.998158
152.82 5086.967798
152.97 5086.937460
153.12 5086.907144
153.27 5086.876849
153.43 5086.846575
