0.00 8537.825079
0.08 8475.644037
0.17 8425.317249
0.25 8384.344235
0.34 8350.796395
0.42 8323.176153
0.51 8300.313092
0.59 8281.286846
0.68 8265.369478
0.76 8251.982110
0.85 8240.662069
0.93 8231.037817
1.01 8222.809695
1.10 8215.735046
1.18 8209.616633
1.27 8204.293583
1.35 8199.634260
1.44 8195.530626
1.52 8191.893757
1.61 8188.650266
1.69 8185.739433
1.77 8183.110892
1.86 8180.722765
1.94 8178.540147
2.03 8176.533877
2.11 8174.679536
2.20 8172.956623
2.28 8171.347887
2.37 8169.838772
2.45 8168.416964
2.53 8167.072021
2.62 8165.795059
2.70 8164.578496
2.79 8163.415845
2.88 8162.301536
2.96 8161.230770
3.05 8160.199397
3.14 8159.203815
3.22 8158.240887
3.31 8157.307871
3.40 8156.402356
3.48 8155.522220
3.57 8154.665581
3.66 8153.830768
3.74 8153.016289
3.83 8152.220805
3.91 8151.443112
4.00 8150.682122
4.08 8149.936847
4.17 8149.206386
4.25 8148.489918
4.34 8147.786688
4.43 8147.096000
4.52 8146.417214
4.61 8145.749734
4.70 8145.093010
4.78 8144.446527
4.87 8143.809805
4.95 8143.182395
5.04 8142.563876
5.12 8141.953852
5.21 8141.351952
5.29 8140.757823
5.38 8140.171136
5.46 8139.591576
5.55 8139.018847
5.64 8138.452669
5.73 8137.892773
5.81 8137.338909
5.90 8136.790834
5.98 8136.248321
6.07 8135.711151
6.16 8135.179117
6.24 8134.652022
6.33 8134.129677
6.42 8133.611902
6.50 8133.098526
6.59 8132.589385
6.67 8132.084323
6.76 8131.583190
6.85 8131.085843
6.93 8130.592146
7.02 8130.101968
7.10 8129.615183
7.19 8129.131673
7.27 8128.651323
7.36 8128.174024
7.44 8127.699670
7.53 8127.228161
7.61 8126.759401
7.70 8126.293297
7.78 8125.829762
7.87 8125.368710
7.95 8124.910062
8.04 8124.453738
8.13 8123.999665
8.22 8123.547771
8.31 8123.097987
8.40 8122.650248
8.48 8122.204492
8.57 8121.760656
8.66 8121.318684
8.75 8120.878520
8.84 8120.440111
8.92 8120.003406
9.01 8119.568354
9.10 8119.134911
9.18 8118.703029
9.27 8118.272665
9.36 8117.843778
9.44 8117.416329
9.53 8116.990278
9.62 8116.565588
9.70 8116.142225
9.79 8115.720153
9.88 8115.299342
9.97 8114.879758
10.05 8114.461372
10.14 8114.044155
10.23 8113.628079
10.32 8113.213117
10.41 8112.799244
10.49 8112.386434
10.58 8111.974665
10.66 8111.563913
10.75 8111.154156
10.84 8110.745373
10.92 8110.337544
11.01 8109.930650
11.09 8109.524670
11.18 8109.119588
11.26 8108.715387
11.35 8108.312048
11.43 8107.909556
11.52 8107.507896
11.60 8107.107053
11.69 8106.707011
11.77 8106.307759
11.86 8105.909281
11.94 8105.511565
12.03 8105.114599
12.12 8104.718371
12.20 8104.322870
12.29 8103.928084
12.37 8103.534002
12.46 8103.140615
12.54 8102.747912
12.63 8102.355884
12.71 8101.964521
12.80 8101.573815
12.88 8101.183757
12.97 8100.794339
13.06 8100.405552
13.15 8100.017389
13.23 8099.629843
13.32 8099.242906
13.40 8098.856571
13.49 8098.470831
13.58 8098.085680
13.66 8097.701112
13.75 8097.317120
13.83 8096.933699
13.92 8096.550843
14.00 8096.168545
14.09 8095.786802
14.17 8095.405608
14.26 8095.024957
14.34 8094.644845
14.43 8094.265267
14.51 8093.886218
14.60 8093.507694
14.68 8093.129692
14.77 8092.752205
14.85 8092.375232
14.94 8091.998766
15.02 8091.622806
15.11 8091.247346
15.19 8090.872384
15.28 8090.497916
15.37 8090.123938
15.45 8089.750447
15.54 8089.377440
15.62 8089.004914
15.71 8088.632865
15.80 8088.261291
15.88 8087.890189
15.97 8087.519556
16.05 8087.149389
16.14 8086.779685
16.22 8086.410442
16.31 8086.041658
16.39 8085.673329
16.48 8085.305453
16.56 8084.938029
16.64 8084.571053
16.73 8084.204523
16.81 8083.838437
16.90 8083.472793
16.98 8083.107589
17.07 8082.742823
17.15 8082.378492
17.24 8082.014594
17.32 8081.651129
17.41 8081.288093
17.49 8080.925485
17.58 8080.563302
17.66 8080.201544
17.75 8079.840208
17.83 8079.479293
17.92 8079.118797
18.00 8078.758718
18.09 8078.399054
18.18 8078.039805
18.26 8077.680967
18.35 8077.322540
18.43 8076.964523
18.52 8076.606913
18.60 8076.249709
18.69 8075.892910
18.77 8075.536514
18.86 8075.180520
18.94 8074.824926
19.03 8074.469732
19.11 8074.114934
19.19 8073.760534
19.28 8073.406527
19.36 8073.052915
19.45 8072.699694
19.53 8072.346865
19.62 8071.994426
19.70 8071.642375
19.79 8071.290711
19.87 8070.939433
19.95 8070.588540
20.04 8070.238031
20.12 8069.887904
20.21 8069.538159
20.29 8069.188793
20.38 8068.839806
20.46 8068.491198
20.55 8068.142966
20.63 8067.795109
20.71 8067.447628
20.80 8067.100519
20.88 8066.753783
20.97 8066.407419
21.05 8066.061424
21.14 8065.715799
21.22 8065.370542
21.31 8065.025653
21.39 8064.681129
21.48 8064.336971
21.56 8063.993176
21.65 8063.649745
21.73 8063.306676
21.82 8062.963969
21.90 8062.621621
21.99 8062.279633
22.07 8061.938003
22.16 8061.596731
22.24 8061.255815
22.33 8060.915255
22.41 8060.575049
22.50 8060.235197
22.58 8059.895698
22.67 8059.556551
22.75 8059.217754
22.84 8058.879308
22.92 8058.541212
23.00 8058.203463
23.09 8057.866062
23.17 8057.529008
23.26 8057.192299
23.34 8056.855936
23.43 8056.519916
23.51 8056.184240
23.60 8055.848906
23.68 8055.513914
23.76 8055.179262
23.85 8054.844951
23.93 8054.510978
24.02 8054.177344
24.10 8053.844047
24.19 8053.511088
24.27 8053.178464
24.36 8052.846175
24.44 8052.514220
24.52 8052.182599
24.61 8051.851310
24.69 8051.520354
24.78 8051.189729
24.86 8050.859434
24.95 8050.529469
25.03 8050.199833
25.12 8049.870525
25.20 8049.541544
25.29 8049.212890
25.37 8048.884562
25.45 8048.556559
25.54 8048.228881
25.62 8047.901526
25.71 8047.574494
25.80 8047.247785
25.88 8046.921397
25.97 8046.595330
26.05 8046.269583
26.14 8045.944155
26.22 8045.619046
26.31 8045.294255
26.39 8044.969781
26.48 8044.645624
26.56 8044.321782
26.64 8043.998256
26.73 8043.675045
26.81 8043.352147
26.90 8043.029562
26.98 8042.707290
27.07 8042.385329
27.15 8042.063680
27.24 8041.742341
27.32 8041.421312
27.41 8041.100592
27.49 8040.780180
27.58 8040.460076
27.66 8040.140279
27.74 8039.820789
27.83 8039.501604
27.91 8039.182725
28.00 8038.864150
28.08 8038.545879
28.17 8038.227911
28.25 8037.910246
28.34 8037.592882
28.42 8037.275821
28.50 8036.959059
28.59 8036.642598
28.67 8036.326436
28.76 8036.010573
28.84 8035.695009
28.93 8035.379742
29.01 8035.064771
29.09 8034.750097
29.18 8034.435719
29.26 8034.121636
29.35 8033.807848
29.43 8033.494353
29.52 8033.181152
29.60 8032.868243
29.69 8032.555627
29.78 8032.243302
29.86 8031.931268
29.95 8031.619525
30.03 8031.308071
30.12 8030.996906
30.20 8030.686030
30.29 8030.375442
30.37 8030.065141
30.45 8029.755127
30.54 8029.445400
30.62 8029.135958
30.71 8028.826801
30.79 8028.517929
30.88 8028.209341
30.96 8027.901036
31.05 8027.593014
31.13 8027.285275
31.21 8026.977817
31.30 8026.670640
31.38 8026.363744
31.47 8026.057128
31.55 8025.750792
31.64 8025.444735
31.72 8025.138956
31.81 8024.833454
31.89 8024.528231
31.98 8024.223284
32.06 8023.918613
32.14 8023.614218
32.23 8023.310098
32.31 8023.006253
32.40 8022.702682
32.48 8022.399385
32.57 8022.096360
32.65 8021.793608
32.74 8021.491129
32.82 8021.188920
32.90 8020.886983
32.99 8020.585316
33.07 8020.283919
33.16 8019.982791
33.24 8019.681933
33.33 8019.381342
33.41 8019.081020
33.50 8018.780965
33.58 8018.481177
33.66 8018.181655
33.75 8017.882398
33.83 8017.583408
33.92 8017.284682
34.00 8016.986220
34.09 8016.688022
34.17 8016.390088
34.26 8016.092416
34.34 8015.795007
34.42 8015.497859
34.51 8015.200973
34.59 8014.904348
34.68 8014.607983
34.76 8014.311878
34.85 8014.016033
34.94 8013.720446
35.02 8013.425118
35.11 8013.130048
35.19 8012.835235
35.28 8012.540679
35.36 8012.246380
35.45 8011.952337
35.53 8011.658549
35.62 8011.365017
35.70 8011.071739
35.79 8010.778715
35.87 8010.485945
35.96 8010.193428
36.04 8009.901164
36.13 8009.609153
36.21 8009.317393
36.30 8009.025884
36.38 8008.734627
36.46 8008.443620
36.55 8008.152863
36.63 8007.862355
36.72 8007.572097
36.80 8007.282087
36.89 8006.992325
36.97 8006.702812
37.06 8006.413545
37.14 8006.124525
37.23 8005.835752
37.31 8005.547225
37.40 8005.258943
37.48 8004.970906
37.57 8004.683114
37.65 8004.395566
37.74 8004.108262
37.82 8003.821201
37.91 8003.534383
37.99 8003.247807
38.08 8002.961474
38.16 8002.675382
38.25 8002.389531
38.33 8002.103921
38.42 8001.818551
38.50 8001.533421
38.59 8001.248530
38.67 8000.963879
38.76 8000.679466
38.84 8000.395291
38.93 8000.111354
39.02 7999.827654
39.10 7999.544191
39.19 7999.260965
39.27 7998.977975
39.36 7998.695220
39.44 7998.412700
39.53 7998.130416
39.61 7997.848366
39.70 7997.566550
39.78 7997.284967
39.87 7997.003617
39.95 7996.722501
40.03 7996.441616
40.12 7996.160964
40.20 7995.880543
40.29 7995.600353
40.37 7995.320394
40.46 7995.040666
40.55 7994.761167
40.63 7994.481898
40.72 7994.202858
40.81 7993.924047
40.89 7993.645464
40.98 7993.367109
41.08 7993.088981
41.17 7992.811081
41.25 7992.533408
41.34 7992.255960
41.43 7991.978739
41.51 7991.701744
41.60 7991.424973
41.68 7991.148428
41.77 7990.872107
41.85 7990.596010
41.94 7990.320137
42.02 7990.044487
42.11 7989.769060
42.20 7989.493855
42.28 7989.218873
42.37 7988.944112
42.45 7988.669573
42.54 7988.395254
42.62 7988.121157
42.71 7987.847279
42.79 7987.573622
42.87 7987.300184
42.96 7987.026965
43.05 7986.753965
43.13 7986.481183
43.22 7986.208619
43.30 7985.936273
43.39 7985.664144
43.48 7985.392233
43.56 7985.120537
43.65 7984.849058
43.73 7984.577795
43.82 7984.306747
43.90 7984.035915
43.99 7983.765297
44.08 7983.494893
44.16 7983.224703
44.25 7982.954728
44.33 7982.684965
44.42 7982.415415
44.50 7982.146078
44.59 7981.876953
44.67 7981.608040
44.76 7981.339339
44.84 7981.070849
44.93 7980.802570
45.02 7980.534501
45.10 7980.266642
45.19 7979.998993
45.27 7979.731553
45.36 7979.464322
45.44 7979.197301
45.53 7978.930487
45.61 7978.663882
45.70 7978.397484
45.78 7978.131294
45.87 7977.865310
45.95 7977.599534
46.04 7977.333963
46.12 7977.068599
46.21 7976.803440
46.29 7976.538487
46.38 7976.273738
46.46 7976.009194
46.55 7975.744855
46.63 7975.480719
46.72 7975.216787
46.80 7974.953058
46.88 7974.689533
46.97 7974.426210
47.05 7974.163089
47.14 7973.900170
47.22 7973.637453
47.31 7973.374937
47.40 7973.112622
47.48 7972.850508
47.57 7972.588594
47.65 7972.326880
47.74 7972.065366
47.83 7971.804051
47.91 7971.542935
48.00 7971.282018
48.08 7971.021299
48.17 7970.760778
48.25 7970.500455
48.33 7970.240330
48.42 7969.980401
48.50 7969.720670
48.59 7969.461134
48.67 7969.201795
48.76 7968.942652
48.84 7968.683704
48.93 7968.424952
49.01 7968.166394
49.10 7967.908031
49.18 7967.649862
49.26 7967.391887
49.35 7967.134106
49.43 7966.876518
49.52 7966.619123
49.60 7966.361921
49.69 7966.104911
49.77 7965.848094
49.86 7965.591468
49.94 7965.335033
50.02 7965.078790
50.11 7964.822738
50.19 7964.566876
50.28 7964.311204
50.36 7964.055723
50.45 7963.800431
50.54 7963.545328
50.63 7963.290415
50.72 7963.035690
50.80 7962.781154
50.89 7962.526806
50.98 7962.272645
51.06 7962.018673
51.15 7961.764887
51.23 7961.511289
51.32 7961.257877
51.40 7961.004651
51.49 7960.751612
51.57 7960.498759
51.66 7960.246090
51.74 7959.993608
51.83 7959.741310
51.91 7959.489196
52.00 7959.237267
52.08 7958.985523
52.17 7958.733961
52.25 7958.482584
52.34 7958.231389
52.42 7957.980377
52.50 7957.729549
52.59 7957.478902
52.68 7957.228437
52.76 7956.978154
52.85 7956.728053
52.94 7956.478132
53.03 7956.228393
53.11 7955.978834
53.20 7955.729456
53.29 7955.480257
53.38 7955.231239
53.46 7954.982400
53.55 7954.733740
53.63 7954.485259
53.72 7954.236957
53.80 7953.988833
53.89 7953.740887
53.97 7953.493119
54.06 7953.245529
54.14 7952.998116
54.23 7952.750880
54.32 7952.503821
54.40 7952.256938
54.49 7952.010231
54.57 7951.763700
54.66 7951.517345
54.74 7951.271165
54.83 7951.025161
54.91 7950.779331
55.00 7950.533676
55.08 7950.288195
55.17 7950.042888
55.25 7949.797755
55.34 7949.552796
55.42 7949.308009
55.51 7949.063396
55.59 7948.818955
55.68 7948.574687
55.76 7948.330591
55.85 7948.086667
55.93 7947.842914
56.02 7947.599333
56.10 7947.355923
56.19 7947.112684
56.28 7946.869615
56.36 7946.626718
56.45 7946.383989
56.54 7946.141431
56.63 7945.899042
56.72 7945.656823
56.81 7945.414773
56.89 7945.172892
56.98 7944.931178
57.07 7944.689634
57.16 7944.448257
57.25 7944.207049
57.34 7943.966007
57.42 7943.725133
57.51 7943.484426
57.60 7943.243886
57.69 7943.003512
57.78 7942.763305
57.86 7942.523264
57.95 7942.283388
58.04 7942.043678
58.12 7941.804133
58.21 7941.564753
58.29 7941.325538
58.38 7941.086487
58.46 7940.847601
58.55 7940.608879
58.64 7940.370320
58.72 7940.131925
58.81 7939.893694
58.90 7939.655625
58.99 7939.417720
59.08 7939.179976
59.16 7938.942396
59.25 7938.704977
59.34 7938.467720
59.43 7938.230624
59.51 7937.993690
59.60 7937.756917
59.68 7937.520305
59.77 7937.283854
59.85 7937.047563
59.94 7936.811432
60.02 7936.575461
60.11 7936.339650
60.19 7936.103998
60.28 7935.868506
60.36 7935.633172
60.45 7935.397997
60.54 7935.162981
60.62 7934.928123
60.71 7934.693423
60.80 7934.458881
60.89 7934.224496
60.97 7933.990269
61.06 7933.756198
61.15 7933.522285
61.23 7933.288529
61.32 7933.054928
61.40 7932.821484
61.49 7932.588196
61.57 7932.355063
61.66 7932.122087
61.74 7931.889265
61.83 7931.656598
61.92 7931.424086
62.00 7931.191729
62.09 7930.959526
62.17 7930.727477
62.26 7930.495583
62.34 7930.263841
62.43 7930.032254
62.51 7929.800819
62.60 7929.569538
62.68 7929.338409
62.77 7929.107433
62.85 7928.876609
62.94 7928.645938
63.02 7928.415418
63.11 7928.185050
63.19 7927.954833
63.28 7927.724768
63.36 7927.494853
63.45 7927.265090
63.53 7927.035477
63.62 7926.806014
63.70 7926.576702
63.79 7926.347539
63.87 7926.118527
63.96 7925.889663
64.04 7925.660949
64.13 7925.432384
64.21 7925.203968
64.31 7924.975700
64.39 7924.747581
64.48 7924.519610
64.56 7924.291787
64.65 7924.064112
64.73 7923.836584
64.82 7923.609204
64.91 7923.381971
64.99 7923.154885
65.08 7922.927945
65.16 7922.701153
65.25 7922.474506
65.33 7922.248005
65.42 7922.021651
65.50 7921.795442
65.59 7921.569378
65.67 7921.343460
65.76 7921.117686
65.84 7920.892058
65.93 7920.666574
66.01 7920.441235
66.10 7920.216040
66.18 7919.990989
66.27 7919.766081
66.35 7919.541318
66.44 7919.316697
66.52 7919.092220
66.61 7918.867886
66.69 7918.643695
66.78 7918.419646
66.86 7918.195740
66.95 7917.971975
67.04 7917.748353
67.12 7917.524873
67.21 7917.301534
67.29 7917.078337
67.38 7916.855280
67.46 7916.632365
67.55 7916.409591
67.63 7916.186957
67.72 7915.964463
67.80 7915.742110
67.89 7915.519896
67.97 7915.297823
68.06 7915.075889
68.14 7914.854094
68.23 7914.632439
68.31 7914.410922
68.40 7914.189545
68.49 7913.968306
68.57 7913.747205
68.66 7913.526243
68.75 7913.305418
68.84 7913.084732
68.92 7912.864183
69.01 7912.643772
69.09 7912.423498
69.18 7912.203361
69.26 7911.983361
69.35 7911.763497
69.44 7911.543770
69.52 7911.324180
69.61 7911.104725
69.69 7910.885407
69.78 7910.666224
69.86 7910.447176
69.95 7910.228265
70.03 7910.009488
70.12 7909.790846
70.20 7909.572339
70.29 7909.353967
70.37 7909.135729
70.46 7908.917625
70.54 7908.699655
70.63 7908.481819
70.71 7908.264117
70.80 7908.046549
70.88 7907.829114
70.97 7907.611811
71.05 7907.394642
71.14 7907.177606
71.22 7906.960702
71.31 7906.743930
71.39 7906.527291
71.48 7906.310784
71.56 7906.094408
71.65 7905.878165
71.73 7905.662052
71.82 7905.446071
71.90 7905.230221
71.99 7905.014503
72.07 7904.798915
72.16 7904.583457
72.25 7904.368130
72.34 7904.152933
72.43 7903.937866
72.51 7903.722929
72.60 7903.508122
72.69 7903.293444
72.77 7903.078896
72.86 7902.864477
72.94 7902.650186
73.03 7902.436025
73.11 7902.221992
73.20 7902.008088
73.28 7901.794312
73.37 7901.580664
73.45 7901.367144
73.54 7901.153752
73.62 7900.940487
73.71 7900.727350
73.79 7900.514340
73.88 7900.301457
73.97 7900.088701
74.06 7899.876072
74.15 7899.663569
74.24 7899.451193
74.32 7899.238942
74.41 7899.026819
74.49 7898.814820
74.58 7898.602948
74.67 7898.391201
74.75 7898.179579
74.84 7897.968083
74.92 7897.756712
75.01 7897.545465
75.10 7897.334343
75.18 7897.123346
75.27 7896.912473
75.35 7896.701724
75.44 7896.491100
75.52 7896.280599
75.61 7896.070222
75.69 7895.859968
75.78 7895.649838
75.86 7895.439831
75.95 7895.229947
76.03 7895.020186
76.12 7894.810547
76.21 7894.601031
76.30 7894.391638
76.39 7894.182366
76.47 7893.973217
76.56 7893.764190
76.65 7893.555284
76.74 7893.346500
76.83 7893.137837
76.91 7892.929296
77.00 7892.720875
77.08 7892.512576
77.17 7892.304397
77.25 7892.096339
77.34 7891.888401
77.43 7891.680584
77.51 7891.472887
77.60 7891.265309
77.68 7891.057852
77.77 7890.850513
77.85 7890.643295
77.94 7890.436196
78.02 7890.229216
78.11 7890.022355
78.19 7889.815613
78.28 7889.608990
78.36 7889.402485
78.45 7889.196098
78.53 7888.989830
78.62 7888.783680
78.70 7888.577648
78.79 7888.371733
78.87 7888.165936
78.96 7887.960257
79.04 7887.754695
79.13 7887.549250
79.21 7887.343922
79.30 7887.138710
79.38 7886.933616
79.47 7886.728638
79.55 7886.523776
79.64 7886.319031
79.72 7886.114402
79.81 7885.909889
79.89 7885.705491
79.98 7885.501209
80.06 7885.297043
80.15 7885.092991
80.23 7884.889055
80.32 7884.685235
80.40 7884.481528
80.49 7884.277937
80.57 7884.074460
80.66 7883.871098
80.74 7883.667850
80.83 7883.464716
80.92 7883.261696
81.00 7883.058790
81.09 7882.855997
81.17 7882.653318
81.26 7882.450753
81.34 7882.248300
81.43 7882.045961
81.51 7881.843735
81.60 7881.641622
81.68 7881.439621
81.77 7881.237733
81.85 7881.035957
81.94 7880.834293
82.02 7880.632741
82.11 7880.431302
82.19 7880.229974
82.28 7880.028758
82.36 7879.827653
82.45 7879.626660
82.53 7879.425778
82.62 7879.225007
82.70 7879.024346
82.79 7878.823797
82.87 7878.623358
82.96 7878.423030
83.04 7878.222812
83.13 7878.022705
83.21 7877.822707
83.30 7877.622820
83.38 7877.423042
83.47 7877.223374
83.55 7877.023816
83.64 7876.824367
83.72 7876.625027
83.81 7876.425796
83.90 7876.226674
83.98 7876.027661
84.07 7875.828757
84.16 7875.629961
84.24 7875.431274
84.33 7875.232695
84.42 7875.034224
84.51 7874.835861
84.59 7874.637606
84.68 7874.439459
84.76 7874.241419
84.85 7874.043487
84.93 7873.845662
85.02 7873.647944
85.11 7873.450333
85.19 7873.252830
85.28 7873.055433
85.36 7872.858142
85.45 7872.660959
