0.00 8537.825079
0.81 7752.115433
1.58 7617.227363
2.35 7574.094400
3.16 7542.935565
3.93 7517.030939
4.74 7495.242517
5.51 7476.473659
6.32 7460.424128
7.13 7446.743782
7.90 7435.092616
8.71 7425.174016
9.52 7416.720999
10.29 7409.510630
11.10 7403.358704
11.90 7398.109048
12.68 7393.627965
13.45 7389.801158
14.22 7386.531120
15.00 7383.734768
15.77 7381.341356
16.54 7379.290627
17.32 7377.531404
18.09 7376.020373
18.90 7374.721015
19.67 7373.602473
20.44 7372.638634
21.22 7371.807284
21.99 7371.089571
22.76 7370.469480
23.54 7369.933386
24.31 7369.469691
25.08 7369.068430
25.89 7368.721087
