0.00 8537.825079
0.48 8154.558591
0.95 8042.958146
1.44 7978.724913
1.93 7929.845829
2.41 7887.864388
2.89 7850.298653
3.38 7816.256460
3.86 7785.297786
4.34 7757.126360
4.82 7731.502000
5.33 7708.213845
5.82 7687.071113
6.31 7667.899226
6.80 7650.537661
7.28 7634.838559
7.77 7620.665614
8.27 7607.893121
8.76 7596.405189
9.25 7586.094968
9.74 7576.863996
10.23 7568.621554
10.72 7561.284091
11.21 7554.774681
11.70 7549.022516
12.18 7543.962444
12.67 7539.534528
13.15 7535.683640
13.64 7532.359098
14.13 7529.514304
14.64 7527.106438
15.13 7525.096143
15.62 7523.447274
16.10 7522.126625
16.61 7521.103707
17.12 7520.350529
17.61 7519.841402
18.12 7519.552745
18.63 7519.462941
