0.00 22700.123813
0.35 22678.341481
0.70 22657.713793
1.05 22638.153984
1.40 22619.583450
1.75 22601.930865
2.10 22585.131393
2.45 22569.126015
2.80 22553.860911
3.15 22539.286915
3.49 22525.359063
3.84 22512.036149
4.19 22499.280365
4.54 22487.056955
4.89 22475.333934
5.24 22464.081812
5.59 22453.273364
5.94 22442.883425
6.29 22432.888686
6.64 22423.267547
7.00 22413.999947
7.36 22405.067242
7.71 22396.452082
8.06 22388.138284
8.41 22380.110762
8.76 22372.355414
9.11 22364.859051
9.46 22357.609324
9.80 22350.594656
10.15 22343.804184
10.50 22337.227702
10.85 22330.855614
11.20 22324.678886
11.55 22318.689007
11.90 22312.877950
12.25 22307.238141
12.60 22301.762422
12.95 22296.444025
13.30 22291.276551
13.65 22286.253926
14.00 22281.370413
14.35 22276.620556
14.70 22271.999179
15.05 22267.501370
15.40 22263.122457
15.75 22258.857996
16.10 22254.703759
16.45 22250.655722
16.80 22246.710047
17.15 22242.863073
17.50 22239.111311
17.85 22235.451434
18.19 22231.880258
18.54 22228.394743
18.89 22224.991980
19.24 22221.669194
19.59 22218.423726
19.94 22215.253024
20.29 22212.154650
20.64 22209.126272
20.99 22206.165638
21.34 22203.270610
21.69 22200.439119
22.05 22197.669189
22.40 22194.958916
22.75 22192.306477
23.10 22189.710115
23.45 22187.168142
23.80 22184.678937
24.16 22182.240939
24.51 22179.852647
24.86 22177.512612
25.22 22175.219445
25.57 22172.971800
25.93 22170.768388
26.28 22168.607961
26.63 22166.489317
26.98 22164.411299
27.34 22162.372786
27.69 22160.372700
28.04 22158.409998
28.40 22156.483675
28.75 22154.592759
29.10 22152.736315
29.45 22150.913426
29.81 22149.123223
30.16 22147.364858
30.51 22145.637507
30.86 22143.940376
31.22 22142.272701
31.57 22140.633736
31.92 22139.022762
32.27 22137.439083
32.63 22135.882026
32.98 22134.350933
33.33 22132.845174
33.68 22131.364135
34.04 22129.907218
34.39 22128.473849
34.74 22127.063468
35.09 22125.675536
35.45 22124.309517
35.80 22122.964906
36.15 22121.641210
36.51 22120.337942
36.86 22119.054639
37.21 22117.790844
37.56 22116.546116
37.91 22115.320027
38.26 22114.112165
38.62 22112.922123
38.97 22111.749504
39.32 22110.593932
39.68 22109.455031
40.03 22108.332442
40.38 22107.225812
40.73 22106.134802
41.09 22105.059076
41.44 22103.998312
41.79 22102.952194
42.14 22101.920417
42.50 22100.902681
42.85 22099.898696
43.20 22098.908180
43.55 22097.930852
43.91 22096.966449
44.26 22096.014708
44.61 22095.075373
44.96 22094.148196
45.32 22093.232936
45.67 22092.329354
46.02 22091.437221
46.38 22090.556313
46.73 22089.686410
47.08 22088.827301
47.44 22087.978774
47.79 22087.140629
48.14 22086.312665
48.49 22085.494690
48.85 22084.686515
49.20 22083.887957
49.56 22083.098830
49.91 22082.318967
50.27 22081.548192
50.62 22080.786336
50.98 22080.033237
51.33 22079.288735
51.69 22078.552674
52.04 22077.824903
52.39 22077.105268
52.75 22076.393630
53.10 22075.689839
53.45 22074.993762
53.81 22074.305260
54.16 22073.624202
54.51 22072.950456
54.86 22072.283896
55.22 22071.624397
55.57 22070.971837
55.92 22070.326096
56.27 22069.687062
56.63 22069.054616
56.98 22068.428649
57.33 22067.809050
57.68 22067.195715
58.04 22066.588539
58.39 22065.987418
58.74 22065.392254
59.09 22064.802947
59.45 22064.219402
59.80 22063.641526
60.15 22063.069223
60.50 22062.502409
60.86 22061.940990
61.21 22061.384885
61.56 22060.834004
61.91 22060.288266
62.27 22059.747592
62.62 22059.211899
62.97 22058.681110
63.33 22058.155148
63.68 22057.633941
64.03 22057.117411
64.38 22056.605488
64.74 22056.098103
65.09 22055.595184
65.44 22055.096664
65.79 22054.602476
66.15 22054.112556
66.50 22053.626835
66.85 22053.145257
67.20 22052.667760
67.56 22052.194277
67.91 22051.724754
68.26 22051.259130
68.62 22050.797351
68.97 22050.339358
69.32 22049.885096
69.67 22049.434514
70.03 22048.987556
70.38 22048.544170
70.73 22048.104306
71.08 22047.667912
71.44 22047.234944
71.81 22046.805348
72.17 22046.379077
72.52 22045.956088
72.87 22045.536331
73.22 22045.119764
73.57 22044.706341
73.93 22044.296020
74.28 22043.888760
74.63 22043.484513
74.99 22043.083245
75.34 22042.684911
75.69 22042.289470
76.05 22041.896889
76.40 22041.507124
76.76 22041.120141
77.11 22040.735902
77.46 22040.354368
77.82 22039.975504
78.17 22039.599278
78.53 22039.225653
78.88 22038.854596
79.24 22038.486070
79.59 22038.120047
79.95 22037.756490
80.30 22037.395372
80.65 22037.036661
81.01 22036.680321
81.36 22036.326326
81.71 22035.974647
82.06 22035.625253
82.42 22035.278114
82.77 22034.933205
83.12 22034.590495
83.47 22034.249957
83.83 22033.911565
84.18 22033.575293
84.53 22033.241114
84.88 22032.909003
85.24 22032.578933
85.59 22032.250880
85.94 22031.924818
86.29 22031.600727
86.65 22031.278578
87.00 22030.958352
87.35 22030.640024
87.71 22030.323569
88.06 22030.008970
88.41 22029.696201
88.76 22029.385241
89.12 22029.076069
89.47 22028.768664
89.82 22028.463005
90.18 22028.159071
90.53 22027.856846
90.88 22027.556305
91.23 22027.257432
91.58 22026.960204
91.94 22026.664604
92.29 22026.370617
92.64 22026.078221
92.99 22025.787397
93.34 22025.498131
93.70 22025.210401
94.05 22024.924193
94.40 22024.639488
94.76 22024.356270
95.11 22024.074522
95.46 22023.794231
95.82 22023.515375
96.17 22023.237941
96.52 22022.961917
96.87 22022.687280
97.23 22022.414020
97.58 22022.142123
97.93 22021.871572
98.29 22021.602351
98.64 22021.334448
98.99 22021.067848
99.34 22020.802539
99.70 22020.538503
100.05 22020.275730
100.40 22020.014206
100.76 22019.753916
101.11 22019.494850
101.46 22019.236992
101.81 22018.980331
102.16 22018.724855
102.52 22018.470551
102.87 22018.217407
103.22 22017.965412
103.58 22017.714550
103.93 22017.464815
104.29 22017.216191
104.64 22016.968669
105.00 22016.722237
105.35 22016.476885
105.70 22016.232600
106.06 22015.989374
106.41 22015.747196
106.77 22015.506051
107.12 22015.265934
107.48 22015.026834
107.83 22014.788739
108.18 22014.551639
108.53 22014.315524
108.88 22014.080387
109.24 22013.846216
109.59 22013.613001
109.94 22013.380737
110.30 22013.149410
110.65 22012.919011
111.00 22012.689533
111.35 22012.460969
111.71 22012.233306
112.06 22012.006537
112.41 22011.780655
112.77 22011.555650
113.12 22011.331515
113.47 22011.108239
113.82 22010.885817
114.18 22010.664239
114.53 22010.443496
114.88 22010.223586
115.23 22010.004494
115.59 22009.786217
115.94 22009.568745
116.29 22009.352072
116.64 22009.136190
117.00 22008.921091
117.35 22008.706771
117.70 22008.493220
118.05 22008.280430
118.41 22008.068396
118.76 22007.857112
119.11 22007.646570
119.46 22007.436761
119.81 22007.227684
120.17 22007.019328
120.52 22006.811687
120.87 22006.604757
121.23 22006.398529
121.58 22006.192998
121.93 22005.988158
122.28 22005.784003
122.63 22005.580526
122.98 22005.377724
123.33 22005.175585
123.68 22004.974111
124.02 22004.773290
124.37 22004.573119
124.72 22004.373592
125.07 22004.174703
125.42 22003.976448
125.77 22003.778822
126.12 22003.581816
126.47 22003.385428
126.82 22003.189652
127.17 22002.994481
127.52 22002.799913
127.87 22002.605940
128.22 22002.412558
128.57 22002.219765
128.92 22002.027553
129.27 22001.835915
129.62 22001.644852
129.97 22001.454354
130.32 22001.264420
130.67 22001.075044
131.02 22000.886220
131.38 22000.697946
131.73 22000.510213
132.08 22000.323025
132.43 22000.136370
132.78 21999.950247
133.13 21999.764649
133.48 21999.579575
133.84 21999.395019
134.19 21999.210978
134.54 21999.027446
134.89 21998.844420
135.24 21998.661897
135.59 21998.479874
135.94 21998.298343
136.29 21998.117300
136.64 21997.936748
136.99 21997.756676
137.34 21997.577082
137.69 21997.397966
138.04 21997.219318
138.38 21997.041140
138.73 21996.863427
139.08 21996.686174
139.43 21996.509377
139.78 21996.333034
140.13 21996.157142
140.48 21995.981694
140.83 21995.806692
141.18 21995.632129
141.53 21995.458004
141.88 21995.284310
142.23 21995.111047
142.58 21994.938210
142.93 21994.765797
143.28 21994.593805
143.63 21994.422229
143.98 21994.251069
144.33 21994.080320
144.68 21993.909979
145.03 21993.740041
145.38 21993.570507
145.73 21993.401372
146.08 21993.232633
146.42 21993.064289
146.77 21992.896335
147.12 21992.728767
147.47 21992.561584
147.82 21992.394785
148.17 21992.228365
148.52 21992.062320
148.87 21991.896650
149.22 21991.731350
149.57 21991.566421
149.92 21991.401856
150.27 21991.237657
150.62 21991.073818
150.97 21990.910335
151.32 21990.747211
151.67 21990.584439
152.02 21990.422017
152.37 21990.259945
152.72 21990.098218
153.07 21989.936835
153.41 21989.775793
153.76 21989.615090
154.11 21989.454726
154.46 21989.294692
154.81 21989.134992
155.16 21988.975621
155.51 21988.816579
155.86 21988.657859
156.21 21988.499467
156.56 21988.341392
156.91 21988.183639
157.26 21988.026201
157.61 21987.869076
157.96 21987.712265
158.31 21987.555763
158.67 21987.399572
159.02 21987.243684
159.37 21987.088103
159.72 21986.932822
160.07 21986.777842
160.42 21986.623160
160.77 21986.468775
161.13 21986.314683
161.48 21986.160885
161.83 21986.007376
162.18 21985.854156
162.53 21985.701225
162.87 21985.548576
163.22 21985.396211
163.57 21985.244128
163.92 21985.092322
164.27 21984.940797
164.62 21984.789546
164.97 21984.638572
165.32 21984.487868
165.67 21984.337436
166.02 21984.187272
166.37 21984.037375
166.72 21983.887746
167.07 21983.738379
167.42 21983.589276
167.77 21983.440433
168.12 21983.291849
168.47 21983.143522
168.82 21982.995452
169.17 21982.847636
169.52 21982.700072
169.87 21982.552762
170.21 21982.405699
170.56 21982.258886
170.91 21982.112322
171.26 21981.966000
171.61 21981.819921
171.96 21981.674086
172.31 21981.528492
172.66 21981.383139
173.01 21981.238022
173.36 21981.093142
173.71 21980.948497
174.06 21980.804087
174.41 21980.659908
174.76 21980.515960
175.11 21980.372244
175.46 21980.228756
175.81 21980.085494
176.16 21979.942459
176.51 21979.799648
176.86 21979.657059
177.21 21979.514692
177.56 21979.372546
177.91 21979.230619
178.26 21979.088911
178.60 21978.947420
178.95 21978.806144
179.30 21978.665083
179.65 21978.524234
180.00 21978.383597
180.35 21978.243173
180.70 21978.102956
181.05 21977.962949
181.40 21977.823149
181.75 21977.683554
182.10 21977.544164
182.45 21977.404979
182.80 21977.265997
183.15 21977.127217
183.50 21976.988633
183.85 21976.850254
184.20 21976.712072
184.55 21976.574085
184.90 21976.436295
185.25 21976.298703
185.60 21976.161301
185.96 21976.024094
186.31 21975.887078
186.66 21975.750253
187.01 21975.613620
187.36 21975.477173
187.71 21975.340914
188.06 21975.204844
188.41 21975.068959
188.76 21974.933258
189.11 21974.797742
189.46 21974.662410
189.81 21974.527259
190.16 21974.392288
190.51 21974.257496
190.86 21974.122886
191.21 21973.988454
191.56 21973.854199
191.91 21973.720119
192.26 21973.586218
192.61 21973.452487
192.96 21973.318934
193.31 21973.185551
193.66 21973.052339
194.01 21972.919302
194.36 21972.786432
194.71 21972.653734
195.06 21972.521205
195.41 21972.388841
195.76 21972.256645
196.10 21972.124614
196.45 21971.992749
196.81 21971.861048
197.16 21971.729511
197.51 21971.598138
197.86 21971.466925
198.21 21971.335874
198.56 21971.204984
198.90 21971.074252
199.25 21970.943680
199.60 21970.813265
199.95 21970.683009
200.30 21970.552910
200.65 21970.422965
201.00 21970.293174
201.35 21970.163541
201.70 21970.034059
202.05 21969.904730
202.40 21969.775554
202.75 21969.646528
203.10 21969.517653
203.45 21969.388931
203.80 21969.260354
204.15 21969.131928
204.50 21969.003650
204.85 21968.875518
205.20 21968.747533
205.55 21968.619695
205.90 21968.491999
206.24 21968.364452
206.59 21968.237046
206.94 21968.109784
207.29 21967.982664
207.64 21967.855686
207.99 21967.728849
208.34 21967.602154
208.69 21967.475599
209.04 21967.349182
209.39 21967.222903
209.74 21967.096763
210.09 21966.970762
210.44 21966.844896
210.79 21966.719167
211.14 21966.593573
211.49 21966.468117
211.84 21966.342791
212.19 21966.217603
212.54 21966.092546
212.89 21965.967621
213.24 21965.842831
213.59 21965.718170
213.94 21965.593641
214.29 21965.469243
214.64 21965.344976
215.00 21965.220836
215.35 21965.096825
215.70 21964.972943
216.05 21964.849189
216.40 21964.725563
216.75 21964.602062
217.10 21964.478687
217.45 21964.355439
217.80 21964.232314
218.15 21964.109317
218.50 21963.986441
218.85 21963.863689
219.20 21963.741061
219.54 21963.618554
219.89 21963.496170
220.24 21963.373907
220.59 21963.251764
220.94 21963.129745
221.29 21963.007844
221.64 21962.886062
221.99 21962.764400
222.34 21962.642854
222.69 21962.521429
223.04 21962.400120
223.39 21962.278930
223.74 21962.157854
224.09 21962.036896
224.44 21961.916053
224.79 21961.795327
225.14 21961.674714
225.49 21961.554217
225.84 21961.433831
226.18 21961.313563
226.54 21961.193402
226.89 21961.073361
227.24 21960.953427
227.59 21960.833607
227.94 21960.713897
228.30 21960.594299
228.65 21960.474810
229.00 21960.355433
229.36 21960.236164
229.71 21960.117005
230.06 21959.997956
230.41 21959.879012
230.77 21959.760180
231.12 21959.641453
231.47 21959.522834
231.82 21959.404321
232.17 21959.285917
232.53 21959.167617
232.88 21959.049423
233.23 21958.931334
233.59 21958.813350
233.94 21958.695471
234.29 21958.577695
234.65 21958.460022
235.00 21958.342455
235.35 21958.224990
235.71 21958.107626
236.06 21957.990367
236.41 21957.873208
236.76 21957.756150
237.12 21957.639195
237.47 21957.522337
237.82 21957.405583
238.17 21957.288930
238.53 21957.172373
238.88 21957.055918
239.23 21956.939562
239.59 21956.823304
239.94 21956.707144
240.30 21956.591083
240.65 21956.475119
241.00 21956.359253
241.36 21956.243481
241.71 21956.127810
242.07 21956.012233
242.42 21955.896751
242.78 21955.781367
243.13 21955.666078
243.48 21955.550885
243.84 21955.435784
244.19 21955.320777
244.54 21955.205866
244.89 21955.091050
245.25 21954.976326
245.60 21954.861695
245.95 21954.747157
246.30 21954.632710
246.66 21954.518357
247.01 21954.404097
247.36 21954.289925
247.71 21954.175849
248.07 21954.061862
248.42 21953.947962
248.77 21953.834157
249.13 21953.720441
249.48 21953.606814
249.83 21953.493279
250.18 21953.379831
250.54 21953.266474
250.89 21953.153205
251.24 21953.040023
251.59 21952.926929
251.95 21952.813925
252.30 21952.701008
252.65 21952.588177
253.00 21952.475434
253.36 21952.362779
253.71 21952.250210
254.06 21952.137727
254.41 21952.025329
254.76 21951.913018
255.12 21951.800791
255.47 21951.688651
255.82 21951.576597
256.17 21951.464625
256.53 21951.352738
256.88 21951.240937
257.23 21951.129218
257.58 21951.017584
257.94 21950.906033
258.29 21950.794564
258.64 21950.683179
258.99 21950.571878
259.35 21950.460658
259.70 21950.349521
260.05 21950.238466
260.40 21950.127491
260.76 21950.016600
261.11 21949.905787
261.46 21949.795058
261.84 21949.684408
262.19 21949.573840
262.54 21949.463353
262.89 21949.352943
263.25 21949.242617
263.60 21949.132368
263.95 21949.022199
264.30 21948.912109
264.66 21948.802099
265.01 21948.692167
265.36 21948.582312
265.71 21948.472538
266.07 21948.362842
266.42 21948.253224
266.77 21948.143680
267.13 21948.034216
267.48 21947.924830
267.84 21947.815521
268.19 21947.706289
268.54 21947.597132
268.90 21947.488053
269.25 21947.379048
269.61 21947.270121
269.96 21947.161269
270.32 21947.052492
270.67 21946.943793
271.02 21946.835168
271.37 21946.726617
271.73 21946.618141
272.08 21946.509740
272.43 21946.401413
272.79 21946.293162
273.14 21946.184982
273.49 21946.076878
273.84 21945.968847
274.20 21945.860890
274.55 21945.753007
274.90 21945.645194
275.25 21945.537458
275.61 21945.429792
275.96 21945.322197
276.31 21945.214677
276.66 21945.107228
277.02 21944.999851
277.37 21944.892548
277.72 21944.785315
278.08 21944.678153
278.43 21944.571062
278.78 21944.464042
279.13 21944.357093
279.49 21944.250215
279.84 21944.143407
280.19 21944.036671
280.54 21943.930004
280.89 21943.823407
281.25 21943.716881
281.60 21943.610423
281.95 21943.504035
282.31 21943.397716
282.66 21943.291467
283.01 21943.185288
283.36 21943.079175
283.72 21942.973132
284.07 21942.867159
284.42 21942.761253
284.77 21942.655415
285.13 21942.549645
285.48 21942.443942
285.83 21942.338309
286.18 21942.232742
286.54 21942.127243
286.89 21942.021811
287.24 21941.916446
287.59 21941.811147
287.94 21941.705916
288.30 21941.600752
288.65 21941.495653
289.00 21941.390621
289.35 21941.285654
289.71 21941.180756
290.06 21941.075920
290.41 21940.971153
290.76 21940.866450
291.12 21940.761812
291.47 21940.657241
291.82 21940.552734
292.17 21940.448292
292.53 21940.343914
292.88 21940.239603
293.23 21940.135354
293.59 21940.031171
293.94 21939.927051
294.30 21939.822996
294.65 21939.719005
295.01 21939.615078
295.36 21939.511214
295.72 21939.407414
296.07 21939.303677
296.42 21939.200003
296.78 21939.096395
297.13 21938.992847
297.49 21938.889362
297.84 21938.785939
298.19 21938.682582
298.55 21938.579285
298.90 21938.476050
299.25 21938.372879
299.61 21938.269769
299.96 21938.166721
300.31 21938.063734
300.66 21937.960809
301.02 21937.857946
301.37 21937.755146
301.72 21937.652405
302.08 21937.549726
302.43 21937.447109
302.78 21937.344552
303.13 21937.242055
303.49 21937.139620
303.84 21937.037244
304.19 21936.934931
304.55 21936.832676
304.90 21936.730481
305.25 21936.628348
305.60 21936.526273
305.96 21936.424259
306.31 21936.322307
306.66 21936.220411
307.02 21936.118575
307.37 21936.016800
307.72 21935.915083
308.08 21935.813426
308.43 21935.711825
308.78 21935.610287
309.14 21935.508806
309.49 21935.407385
309.84 21935.306021
310.20 21935.204715
310.55 21935.103468
310.90 21935.002278
311.25 21934.901149
311.61 21934.800076
311.96 21934.699061
312.31 21934.598104
312.66 21934.497206
313.02 21934.396364
313.37 21934.295579
313.72 21934.194854
314.08 21934.094184
314.43 21933.993571
314.78 21933.893014
315.14 21933.792517
315.49 21933.692075
315.84 21933.591689
316.19 21933.491360
316.55 21933.391088
316.90 21933.290873
317.25 21933.190713
317.61 21933.090612
317.96 21932.990564
318.31 21932.890572
318.66 21932.790636
319.02 21932.690757
319.37 21932.590933
319.72 21932.491165
320.08 21932.391452
320.43 21932.291796
320.78 21932.192193
321.14 21932.092647
321.49 21931.993154
321.85 21931.893717
322.20 21931.794336
322.56 21931.695010
322.91 21931.595737
323.27 21931.496517
323.62 21931.397355
323.98 21931.298246
324.33 21931.199192
324.69 21931.100192
325.04 21931.001245
325.39 21930.902352
325.75 21930.803514
326.10 21930.704730
326.45 21930.606000
326.80 21930.507324
327.16 21930.408698
327.51 21930.310129
327.86 21930.211614
328.22 21930.113149
328.57 21930.014738
328.92 21929.916382
329.27 21929.818078
329.63 21929.719828
329.98 21929.621629
330.33 21929.523484
330.69 21929.425391
331.04 21929.327352
331.39 21929.229365
331.75 21929.131430
332.10 21929.033545
332.45 21928.935716
332.81 21928.837937
333.17 21928.740211
333.52 21928.642535
333.88 21928.544914
334.23 21928.447342
334.58 21928.349825
334.94 21928.252358
335.29 21928.154943
335.64 21928.057579
336.00 21927.960264
336.35 21927.863005
336.70 21927.765793
337.06 21927.668636
337.41 21927.571528
337.76 21927.474470
338.12 21927.377465
338.47 21927.280509
338.82 21927.183606
339.18 21927.086751
339.53 21926.989948
339.88 21926.893197
340.23 21926.796494
340.59 21926.699843
340.94 21926.603241
341.29 21926.506690
341.65 21926.410189
342.00 21926.313737
342.35 21926.217338
342.70 21926.120986
343.06 21926.024686
343.41 21925.928432
343.76 21925.832232
344.11 21925.736081
344.46 21925.639976
344.82 21925.543924
345.17 21925.447923
345.52 21925.351966
345.87 21925.256060
346.23 21925.160206
346.58 21925.064398
346.93 21924.968642
347.29 21924.872930
347.64 21924.777272
347.99 21924.681661
348.35 21924.586097
348.70 21924.490583
349.06 21924.395118
349.41 21924.299701
349.76 21924.204332
350.12 21924.109012
350.48 21924.013740
350.83 21923.918518
351.19 21923.823343
351.54 21923.728214
351.89 21923.633134
