0.00 22700.123813
2.11 22098.266475
4.06 21993.044731
6.03 21904.386084
8.07 21827.979866
10.02 21761.167825
12.08 21702.284631
14.05 21650.114686
16.00 21603.760886
17.93 21562.526378
19.90 21525.816459
21.85 21493.114811
23.94 21463.963761
25.89 21437.953202
27.81 21414.716739
29.76 21393.934598
31.69 21375.335459
33.73 21358.681211
35.84 21343.762749
37.81 21330.396393
39.87 21318.420824
41.82 21307.695510
43.77 21298.097370
45.74 21289.507314
47.80 21281.797224
49.78 21274.862149
51.82 21268.631031
53.74 21263.044823
55.71 21258.049777
57.78 21253.596236
59.84 21249.633820
61.79 21246.109801
63.74 21242.979859
65.69 21240.209185
67.66 21237.767667
69.75 21235.627791
71.69 21233.763804
73.71 21232.151145
75.68 21230.766102
