0.00 22700.123813
1.49 22370.862002
3.00 22186.166281
4.52 22078.517238
6.03 22003.765925
7.54 21945.000602
9.04 21895.525670
10.54 21852.471231
12.05 21814.416788
13.56 21780.526529
15.07 21750.226159
16.58 21723.074966
18.08 21698.711349
19.60 21676.827377
21.12 21657.155529
22.69 21639.460826
24.27 21623.535542
25.84 21609.195341
27.42 21596.276206
29.00 21584.631931
30.57 21574.132006
32.15 21564.659788
33.72 21556.110937
35.29 21548.392044
36.86 21541.419428
38.43 21535.118071
40.01 21529.420692
41.59 21524.266915
43.17 21519.602537
44.75 21515.378877
46.33 21511.552204
47.91 21508.083208
49.48 21504.936552
51.06 21502.080455
52.63 21499.486329
54.20 21497.128452
55.78 21494.983671
57.36 21493.031147
58.94 21491.252112
60.53 21489.629668
62.11 21488.148591
