0.00 26323.127627
0.26 26260.268947
0.52 26203.663270
0.78 26152.431449
1.04 26105.836533
1.30 26063.258890
1.56 26024.175906
1.82 25988.145392
2.08 25954.791993
2.34 25923.796035
2.60 25894.884358
2.86 25867.822754
3.12 25842.409739
3.38 25818.471380
3.64 25795.857019
3.90 25774.435714
4.16 25754.093271
4.43 25734.729768
4.69 25716.257478
4.95 25698.599128
5.21 25681.686433
5.47 25665.458858
5.73 25649.862571
5.99 25634.849552
6.25 25620.376845
6.51 25606.405901
6.77 25592.902038
7.03 25579.833962
7.29 25567.173362
7.55 25554.894557
7.81 25542.974198
8.07 25531.390999
8.33 25520.125512
8.59 25509.159929
8.85 25498.477903
9.11 25488.064404
9.37 25477.905576
9.63 25467.988628
9.89 25458.301722
10.15 25448.833888
10.41 25439.574940
10.67 25430.515401
10.93 25421.646447
11.19 25412.959838
11.45 25404.447878
11.71 25396.103361
11.97 25387.919534
12.24 25379.890057
12.50 25372.008975
12.76 25364.270682
13.02 25356.669896
13.28 25349.201635
13.54 25341.861193
13.80 25334.644124
14.06 25327.546215
14.32 25320.563480
14.58 25313.692135
14.84 25306.928589
15.10 25300.269430
15.36 25293.711413
15.62 25287.251450
15.88 25280.886599
16.14 25274.614054
16.40 25268.431139
16.66 25262.335297
16.92 25256.324087
17.18 25250.395172
17.44 25244.546316
17.70 25238.775381
17.96 25233.080314
18.22 25227.459149
18.48 25221.910000
18.74 25216.431055
19.00 25211.020573
19.26 25205.676884
19.53 25200.398379
19.79 25195.183511
20.05 25190.030791
20.31 25184.938783
20.57 25179.906108
20.83 25174.931431
21.09 25170.013467
21.35 25165.150976
21.61 25160.342762
21.87 25155.587668
22.13 25150.884576
22.39 25146.232407
22.65 25141.630115
22.91 25137.076692
23.17 25132.571159
23.43 25128.112570
23.69 25123.700008
23.95 25119.332584
24.21 25115.009439
24.47 25110.729736
24.73 25106.492667
24.99 25102.297446
25.25 25098.143311
25.51 25094.029523
25.77 25089.955362
26.03 25085.920130
26.29 25081.923149
26.55 25077.963759
26.81 25074.041320
27.07 25070.155208
27.33 25066.304816
27.59 25062.489553
27.85 25058.708846
28.11 25054.962134
28.37 25051.248872
28.63 25047.568530
28.89 25043.920590
29.16 25040.304549
29.42 25036.719913
29.68 25033.166205
29.94 25029.642956
30.20 25026.149710
30.46 25022.686022
30.72 25019.251458
30.98 25015.845593
31.24 25012.468013
31.50 25009.118312
31.76 25005.796097
32.02 25002.500981
32.28 24999.232585
32.54 24995.990542
32.80 24992.774489
33.06 24989.584075
33.32 24986.418954
33.58 24983.278788
33.84 24980.163246
34.10 24977.072006
34.36 24974.004750
34.62 24970.961169
34.88 24967.940958
35.14 24964.943821
35.40 24961.969467
35.66 24959.017609
35.92 24956.087969
36.18 24953.180271
36.44 24950.294248
36.70 24947.429636
36.96 24944.586175
37.22 24941.763614
37.48 24938.961703
37.74 24936.180199
38.00 24933.418862
38.27 24930.677457
38.53 24927.955754
38.79 24925.253526
39.05 24922.570551
39.31 24919.906612
39.57 24917.261494
39.83 24914.634986
40.09 24912.026881
40.35 24909.436976
40.61 24906.865073
40.87 24904.310974
41.13 24901.774485
41.39 24899.255420
41.65 24896.753589
41.91 24894.268811
42.17 24891.800905
42.43 24889.349694
42.69 24886.915003
42.95 24884.496660
43.21 24882.094497
43.47 24879.708348
43.73 24877.338049
43.99 24874.983439
44.25 24872.644360
44.51 24870.320656
44.77 24868.012173
45.03 24865.718760
45.29 24863.440268
45.55 24861.176551
45.81 24858.927464
46.07 24856.692864
46.33 24854.472612
46.59 24852.266568
46.85 24850.074599
47.12 24847.896568
47.38 24845.732343
47.64 24843.581795
47.90 24841.444795
48.16 24839.321215
48.42 24837.210932
48.68 24835.113822
48.94 24833.029763
49.20 24830.958637
49.46 24828.900323
49.72 24826.854707
49.98 24824.821672
50.24 24822.801106
50.50 24820.792897
50.76 24818.796933
51.02 24816.813106
51.28 24814.841309
51.54 24812.881435
51.80 24810.933380
52.06 24808.997040
52.32 24807.072313
52.58 24805.159098
52.84 24803.257295
53.10 24801.366806
53.36 24799.487534
53.62 24797.619384
53.88 24795.762260
54.14 24793.916069
54.40 24792.080719
54.66 24790.256118
54.92 24788.442176
55.18 24786.638804
55.44 24784.845914
55.70 24783.063419
55.96 24781.291234
56.22 24779.529272
56.49 24777.777451
56.75 24776.035687
57.01 24774.303899
57.27 24772.582004
57.53 24770.869924
57.79 24769.167579
58.05 24767.474890
58.31 24765.791781
58.57 24764.118175
58.83 24762.453996
59.09 24760.799168
59.35 24759.153619
59.61 24757.517275
59.87 24755.890063
60.13 24754.271913
60.39 24752.662753
60.65 24751.062513
60.91 24749.471123
61.17 24747.888516
61.43 24746.314624
61.69 24744.749378
61.95 24743.192714
62.21 24741.644566
62.47 24740.104867
62.73 24738.573555
62.99 24737.050565
63.25 24735.535834
63.51 24734.029301
63.77 24732.530904
64.03 24731.040580
64.29 24729.558271
64.55 24728.083915
64.82 24726.617455
65.08 24725.158831
65.34 24723.707986
65.60 24722.264861
65.86 24720.829401
66.12 24719.401548
66.38 24717.981248
66.64 24716.568444
66.90 24715.163083
67.16 24713.765110
67.42 24712.374471
67.68 24710.991114
67.94 24709.614986
68.20 24708.246034
68.46 24706.884208
68.72 24705.529457
68.98 24704.181729
69.24 24702.840975
69.50 24701.507146
69.76 24700.180191
70.02 24698.860062
70.28 24697.546712
70.54 24696.240092
70.80 24694.940156
71.06 24693.646855
71.32 24692.360144
71.58 24691.079978
71.84 24689.806309
72.10 24688.539093
72.37 24687.278286
72.63 24686.023843
72.89 24684.775720
73.15 24683.533873
73.41 24682.298260
73.67 24681.068837
73.93 24679.845563
74.19 24678.628394
74.45 24677.417291
74.71 24676.212211
74.97 24675.013113
75.23 24673.819958
75.49 24672.632704
75.75 24671.451313
76.01 24670.275744
76.27 24669.105958
76.53 24667.941917
76.79 24666.783583
77.05 24665.630916
77.31 24664.483880
77.57 24663.342437
77.83 24662.206551
78.09 24661.076182
78.35 24659.951297
78.61 24658.831859
78.87 24657.717830
79.13 24656.609177
79.39 24655.505863
79.65 24654.407855
79.91 24653.315116
80.17 24652.227613
80.43 24651.145312
80.69 24650.068179
80.96 24648.996180
81.22 24647.929282
81.48 24646.867452
81.74 24645.810658
82.00 24644.758867
82.26 24643.712046
82.52 24642.670165
82.78 24641.633191
83.04 24640.601093
83.30 24639.573841
83.56 24638.551402
83.82 24637.533746
84.08 24636.520844
84.34 24635.512665
84.60 24634.509178
84.86 24633.510355
85.12 24632.516167
85.38 24631.526583
85.64 24630.541576
85.90 24629.561115
86.16 24628.585173
86.42 24627.613723
86.68 24626.646734
86.94 24625.684181
87.20 24624.726035
87.46 24623.772268
87.72 24622.822855
88.02 24621.877767
88.28 24620.936978
88.54 24620.000462
88.80 24619.068192
89.06 24618.140142
89.32 24617.216287
89.58 24616.296600
89.84 24615.381056
90.10 24614.469630
90.36 24613.562297
90.62 24612.659031
90.88 24611.759809
91.14 24610.864605
91.40 24609.973396
91.66 24609.086156
91.92 24608.202862
92.18 24607.323490
92.44 24606.448017
92.70 24605.576420
92.96 24604.708674
93.22 24603.844757
93.48 24602.984646
93.74 24602.128318
94.00 24601.275751
94.26 24600.426922
94.52 24599.581808
94.78 24598.740389
95.04 24597.902642
95.30 24597.068545
95.56 24596.238076
95.82 24595.411215
96.08 24594.587940
96.35 24593.768230
96.61 24592.952063
96.87 24592.139420
97.13 24591.330279
97.39 24590.524619
97.65 24589.722422
97.91 24588.923666
98.17 24588.128331
98.43 24587.336398
98.69 24586.547846
98.95 24585.762656
99.21 24584.980809
99.47 24584.202285
99.73 24583.427064
99.99 24582.655129
100.25 24581.886460
100.51 24581.121038
100.77 24580.358844
101.03 24579.599861
101.29 24578.844068
101.55 24578.091450
101.81 24577.341986
102.07 24576.595660
102.33 24575.852453
102.59 24575.112347
102.85 24574.375325
103.11 24573.641370
103.37 24572.910464
103.63 24572.182589
103.89 24571.457729
104.15 24570.735867
104.41 24570.016985
104.67 24569.301067
104.93 24568.588096
105.19 24567.878056
105.45 24567.170930
105.71 24566.466702
105.98 24565.765356
106.24 24565.066874
106.50 24564.371243
106.76 24563.678445
107.02 24562.988465
107.28 24562.301287
107.54 24561.616896
107.80 24560.935276
108.06 24560.256412
108.32 24559.580289
108.58 24558.906891
108.84 24558.236203
109.10 24557.568211
109.36 24556.902899
109.62 24556.240253
109.88 24555.580259
110.14 24554.922900
110.40 24554.268165
110.66 24553.616037
110.92 24552.966503
111.18 24552.319548
111.44 24551.675159
111.70 24551.033321
111.96 24550.394021
112.22 24549.757245
112.48 24549.122979
112.74 24548.491209
113.00 24547.861922
113.26 24547.235105
113.52 24546.610744
113.78 24545.988826
114.04 24545.369337
114.30 24544.752266
114.56 24544.137598
114.82 24543.525321
115.08 24542.915422
115.34 24542.307888
115.60 24541.702707
115.86 24541.099866
116.12 24540.499353
116.38 24539.901155
116.65 24539.305259
116.91 24538.711654
117.17 24538.120328
117.43 24537.531268
117.69 24536.944462
117.95 24536.359898
118.21 24535.777566
118.47 24535.197451
118.73 24534.619544
118.99 24534.043832
119.25 24533.470304
119.51 24532.898948
119.77 24532.329753
120.03 24531.762708
120.29 24531.197801
120.55 24530.635021
120.81 24530.074357
121.07 24529.515798
121.33 24528.959333
121.59 24528.404951
121.85 24527.852641
122.11 24527.302392
122.37 24526.754194
122.63 24526.208037
122.89 24525.663908
123.15 24525.121798
123.41 24524.581697
123.67 24524.043594
123.93 24523.507479
124.19 24522.973341
124.45 24522.441171
124.72 24521.910957
124.98 24521.382691
125.24 24520.856363
125.50 24520.331961
125.76 24519.809476
126.02 24519.288899
126.28 24518.770220
126.54 24518.253429
126.80 24517.738516
127.06 24517.225472
127.32 24516.714287
127.58 24516.204952
127.84 24515.697457
128.10 24515.191794
128.36 24514.687952
128.62 24514.185923
128.88 24513.685697
129.14 24513.187265
129.40 24512.690619
129.66 24512.195748
129.92 24511.702645
130.18 24511.211300
130.44 24510.721705
130.70 24510.233850
130.96 24509.747727
131.22 24509.263327
131.48 24508.780642
131.74 24508.299663
132.00 24507.820381
132.26 24507.342789
132.52 24506.866876
132.78 24506.392636
133.05 24505.920060
133.31 24505.449139
133.57 24504.979865
133.83 24504.512231
134.09 24504.046227
134.35 24503.581846
134.61 24503.119080
134.87 24502.657921
135.13 24502.198361
135.39 24501.740391
135.65 24501.284005
135.91 24500.829194
136.17 24500.375951
136.43 24499.924267
136.69 24499.474136
136.95 24499.025549
137.21 24498.578499
137.47 24498.132978
137.73 24497.688980
137.99 24497.246495
138.25 24496.805518
138.51 24496.366041
138.77 24495.928055
139.03 24495.491555
139.29 24495.056533
139.55 24494.622981
139.81 24494.190893
140.07 24493.760261
140.33 24493.331079
140.59 24492.903338
140.86 24492.477033
141.12 24492.052157
141.38 24491.628701
141.64 24491.206661
141.90 24490.786028
142.16 24490.366796
142.42 24489.948958
142.68 24489.532508
142.94 24489.117438
143.20 24488.703743
143.46 24488.291415
143.72 24487.880448
143.98 24487.470835
144.24 24487.062571
144.50 24486.655648
144.76 24486.250060
145.02 24485.845801
145.28 24485.442864
145.54 24485.041243
145.80 24484.640932
146.06 24484.241925
146.32 24483.844214
146.58 24483.447796
146.84 24483.052662
147.10 24482.658807
147.36 24482.266225
147.62 24481.874910
147.88 24481.484856
148.14 24481.096057
148.40 24480.708507
148.66 24480.322199
148.92 24479.937129
149.19 24479.553291
149.45 24479.170678
149.71 24478.789285
149.97 24478.409106
150.23 24478.030135
150.49 24477.652368
150.75 24477.275797
151.01 24476.900417
151.27 24476.526224
151.53 24476.153211
151.79 24475.781373
152.05 24475.410704
152.31 24475.041199
152.57 24474.672853
152.83 24474.305660
153.09 24473.939614
153.35 24473.574711
153.61 24473.210945
153.87 24472.848311
154.13 24472.486803
154.39 24472.126417
154.65 24471.767146
154.91 24471.408987
155.17 24471.051934
155.43 24470.695981
155.69 24470.341124
155.95 24469.987358
156.21 24469.634677
156.47 24469.283077
156.73 24468.932552
156.99 24468.583099
157.25 24468.234710
157.51 24467.887383
157.77 24467.541112
158.04 24467.195892
158.30 24466.851718
158.56 24466.508586
158.82 24466.166491
159.08 24465.825427
159.34 24465.485392
159.60 24465.146379
159.86 24464.808384
160.12 24464.471402
160.38 24464.135429
160.64 24463.800460
160.90 24463.466491
161.16 24463.133517
161.42 24462.801534
161.68 24462.470537
161.94 24462.140522
162.20 24461.811483
162.46 24461.483418
162.72 24461.156321
162.98 24460.830188
163.24 24460.505014
163.50 24460.180797
163.76 24459.857530
164.02 24459.535209
164.28 24459.213832
164.54 24458.893393
164.80 24458.573887
165.06 24458.255313
165.32 24457.937663
165.58 24457.620935
165.84 24457.305125
166.10 24456.990228
166.36 24456.676240
166.62 24456.363158
166.88 24456.050977
167.14 24455.739693
167.40 24455.429302
167.66 24455.119800
167.93 24454.811184
168.19 24454.503449
168.45 24454.196592
168.71 24453.890608
168.97 24453.585494
169.23 24453.281245
169.49 24452.977859
169.75 24452.675331
170.01 24452.373657
170.27 24452.072834
170.53 24451.772857
170.79 24451.473724
171.05 24451.175431
171.31 24450.877973
171.57 24450.581347
171.83 24450.285549
172.09 24449.990577
172.35 24449.696425
172.61 24449.403091
172.87 24449.110571
173.13 24448.818862
173.39 24448.527959
173.65 24448.237859
173.91 24447.948560
174.17 24447.660057
174.43 24447.372347
174.69 24447.085426
174.95 24446.799291
175.21 24446.513938
175.48 24446.229365
175.74 24445.945568
176.00 24445.662543
176.26 24445.380287
176.52 24445.098797
176.78 24444.818069
177.04 24444.538101
177.30 24444.258888
177.56 24443.980428
177.82 24443.702717
178.08 24443.425752
178.34 24443.149531
178.60 24442.874049
178.86 24442.599303
179.12 24442.325291
179.38 24442.052009
179.64 24441.779454
179.90 24441.507622
180.16 24441.236512
180.42 24440.966119
180.68 24440.696441
180.94 24440.427475
181.20 24440.159217
181.46 24439.891665
181.72 24439.624816
181.98 24439.358665
182.24 24439.093212
182.50 24438.828452
182.76 24438.564383
183.02 24438.301001
183.29 24438.038304
183.55 24437.776289
183.81 24437.514953
184.07 24437.254293
184.33 24436.994306
184.59 24436.734990
184.85 24436.476341
185.11 24436.218357
185.37 24435.961035
185.63 24435.704372
185.89 24435.448366
186.15 24435.193013
186.41 24434.938310
186.67 24434.684256
186.93 24434.430847
187.19 24434.178081
187.45 24433.925955
187.71 24433.674466
187.97 24433.423612
188.23 24433.173390
188.49 24432.923797
188.75 24432.674830
189.01 24432.426488
189.27 24432.178767
189.53 24431.931666
189.79 24431.685180
190.05 24431.439308
190.31 24431.194047
190.57 24430.949395
190.83 24430.705349
191.09 24430.461906
191.35 24430.219064
191.61 24429.976821
191.87 24429.735174
192.13 24429.494121
192.39 24429.253659
192.65 24429.013786
192.91 24428.774499
193.18 24428.535795
193.44 24428.297674
193.70 24428.060131
193.96 24427.823164
194.22 24427.586772
194.48 24427.350953
194.74 24427.115702
195.00 24426.881019
195.26 24426.646901
195.52 24426.413346
195.78 24426.180350
196.04 24425.947913
196.30 24425.716031
196.56 24425.484703
196.82 24425.253926
197.08 24425.023698
197.34 24424.794017
197.60 24424.564880
197.86 24424.336285
198.12 24424.108231
198.38 24423.880714
198.64 24423.653733
198.90 24423.427285
199.16 24423.201369
199.42 24422.975981
199.68 24422.751121
199.94 24422.526786
200.20 24422.302973
200.46 24422.079681
200.72 24421.856908
200.98 24421.634651
201.25 24421.412908
201.51 24421.191678
201.77 24420.970957
202.03 24420.750745
202.29 24420.531040
202.55 24420.311838
202.81 24420.093138
203.07 24419.874938
203.33 24419.657237
203.59 24419.440031
203.85 24419.223320
204.11 24419.007100
204.37 24418.791371
204.63 24418.576130
204.89 24418.361375
205.15 24418.147104
205.41 24417.933316
205.67 24417.720008
205.93 24417.507178
206.19 24417.294825
206.45 24417.082947
206.71 24416.871542
206.97 24416.660608
207.23 24416.450142
207.49 24416.240144
207.75 24416.030612
208.01 24415.821543
208.28 24415.612935
208.54 24415.404787
208.80 24415.197098
209.06 24414.989865
209.33 24414.783086
209.59 24414.576760
209.85 24414.370884
210.11 24414.165458
210.37 24413.960479
210.63 24413.755946
210.89 24413.551857
211.15 24413.348209
211.41 24413.145002
211.67 24412.942234
211.93 24412.739902
212.19 24412.538006
212.45 24412.336544
212.71 24412.135513
212.97 24411.934912
213.23 24411.734740
213.49 24411.534995
213.75 24411.335674
214.01 24411.136778
214.27 24410.938303
214.53 24410.740248
214.79 24410.542612
215.05 24410.345393
215.31 24410.148589
215.57 24409.952199
215.83 24409.756221
216.09 24409.560653
216.35 24409.365495
216.61 24409.170744
216.87 24408.976398
217.14 24408.782458
217.40 24408.588919
217.66 24408.395782
217.92 24408.203044
218.18 24408.010705
218.44 24407.818762
218.70 24407.627214
218.96 24407.436059
219.22 24407.245297
219.48 24407.054925
219.74 24406.864942
220.00 24406.675346
220.26 24406.486137
220.52 24406.297312
220.78 24406.108870
221.04 24405.920810
221.30 24405.733130
221.56 24405.545829
221.82 24405.358904
222.08 24405.172357
222.34 24404.986183
222.60 24404.800383
222.86 24404.614953
223.12 24404.429895
223.38 24404.245205
223.64 24404.060882
223.90 24403.876926
224.16 24403.693334
224.42 24403.510105
224.68 24403.327239
224.94 24403.144732
225.20 24402.962586
225.47 24402.780797
225.73 24402.599364
225.99 24402.418287
226.25 24402.237563
226.51 24402.057192
226.77 24401.877172
227.03 24401.697502
227.29 24401.518181
227.55 24401.339207
227.81 24401.160579
228.07 24400.982295
228.33 24400.804355
228.59 24400.626756
228.85 24400.449499
229.11 24400.272582
229.37 24400.096003
229.63 24399.919760
229.89 24399.743854
230.16 24399.568282
230.42 24399.393043
230.68 24399.218137
230.94 24399.043561
231.20 24398.869315
231.46 24398.695398
231.72 24398.521808
231.98 24398.348543
232.24 24398.175604
232.50 24398.002988
232.76 24397.830695
233.02 24397.658723
233.28 24397.487070
233.54 24397.315737
233.80 24397.144722
234.06 24396.974023
234.32 24396.803639
234.58 24396.633570
234.84 24396.463814
235.10 24396.294370
235.36 24396.125237
235.62 24395.956413
235.88 24395.787898
236.14 24395.619690
236.40 24395.451789
236.66 24395.284193
236.92 24395.116901
237.18 24394.949912
237.44 24394.783225
237.70 24394.616839
237.96 24394.450752
238.22 24394.284964
238.49 24394.119474
238.75 24393.954280
239.01 24393.789382
239.27 24393.624778
239.53 24393.460467
239.79 24393.296448
240.05 24393.132721
240.31 24392.969284
240.57 24392.806136
240.83 24392.643276
241.09 24392.480703
241.35 24392.318416
241.61 24392.156415
241.87 24391.994697
242.13 24391.833262
242.39 24391.672109
242.65 24391.511237
242.91 24391.350645
243.17 24391.190332
243.43 24391.030297
243.69 24390.870538
243.95 24390.711056
244.21 24390.551849
244.47 24390.392916
244.73 24390.234256
244.99 24390.075868
245.25 24389.917751
245.51 24389.759904
245.77 24389.602327
246.03 24389.445018
246.30 24389.287976
246.56 24389.131201
246.82 24388.974691
247.08 24388.818445
247.34 24388.662464
247.60 24388.506745
247.86 24388.351287
248.12 24388.196091
248.38 24388.041154
248.64 24387.886477
248.90 24387.732057
249.16 24387.577895
249.42 24387.423989
249.68 24387.270339
249.94 24387.116943
250.20 24386.963800
250.46 24386.810911
250.72 24386.658273
250.98 24386.505886
251.24 24386.353750
251.50 24386.201863
251.76 24386.050224
252.02 24385.898833
252.28 24385.747688
252.54 24385.596789
252.81 24385.446136
253.07 24385.295726
253.33 24385.145560
253.59 24384.995636
253.85 24384.845954
254.11 24384.696513
254.37 24384.547312
254.63 24384.398350
254.89 24384.249626
255.15 24384.101140
255.41 24383.952890
255.67 24383.804877
255.93 24383.657098
256.19 24383.509554
256.45 24383.362244
256.71 24383.215166
256.97 24383.068320
257.23 24382.921705
257.49 24382.775320
257.75 24382.629165
258.01 24382.483239
258.27 24382.337541
258.53 24382.192070
258.79 24382.046826
259.05 24381.901807
259.31 24381.757013
259.57 24381.612444
259.83 24381.468097
260.09 24381.323974
260.35 24381.180072
