0.00 26323.127627
2.67 24407.541300
5.28 24193.968637
7.93 24022.681633
10.57 23871.611190
13.18 23736.988421
15.79 23616.031988
18.40 23506.617974
21.02 23407.033039
23.66 23315.819778
26.30 23232.354127
28.91 23156.111308
31.52 23086.102957
34.13 23021.623010
36.75 22962.127579
39.42 22907.150862
42.03 22856.287493
44.64 22809.172663
47.25 22765.460942
49.86 22724.847844
52.48 22687.249863
55.18 22652.495014
57.79 22620.344545
60.40 22590.679113
63.01 22563.332037
65.63 22538.231806
68.27 22526.558421
70.91 22515.557934
73.52 22505.432383
76.13 22503.771833
78.75 22503.771833
81.36 22503.771809
83.97 22503.771081
86.61 22503.759623
89.22 22503.664324
91.83 22503.246038
94.48 22502.582748
97.09 22499.376535
99.73 22496.726478
