0.00 26323.127627
1.48 25623.977881
2.97 25223.297079
4.45 24964.703257
6.00 24779.582808
7.55 24636.458559
9.09 24520.314550
10.63 24423.222405
12.23 24340.452513
13.82 24268.907959
15.44 24206.419252
16.98 24151.389464
18.39 24102.598735
19.95 24059.088591
21.56 24020.089327
23.11 23984.972018
24.73 23953.215640
26.38 23924.383793
28.00 23898.107683
29.61 23874.073371
31.20 23852.011999
32.81 23831.692156
34.44 23812.913815
36.09 23795.503451
37.78 23779.310060
39.41 23764.201882
41.04 23750.063678
42.64 23736.794440
44.31 23724.305470
45.96 23712.518745
47.70 23701.365519
49.35 23690.785131
51.00 23680.723983
52.60 23671.134644
54.18 23661.975095
55.75 23653.208058
57.31 23644.800419
58.89 23636.722729
60.52 23628.948761
62.15 23621.455129
63.78 23614.220952
65.42 23607.227557
67.02 23600.458230
68.65 23593.897978
70.26 23587.533340
71.88 23581.352206
73.44 23575.343666
75.06 23569.497871
76.65 23563.805918
78.24 23558.259740
79.80 23552.852016
81.37 23547.576087
83.02 23542.425883
