0.00 15504.573378
0.23 15439.969329
0.46 15383.982534
0.68 15335.251413
0.91 15292.644063
1.13 15255.218138
1.36 15222.187895
1.60 15192.897110
1.83 15166.796797
2.06 15143.426871
2.29 15122.401036
2.52 15103.394319
2.75 15086.132784
2.99 15070.385025
3.22 15055.955136
3.45 15042.676880
3.67 15030.408858
3.90 15019.030502
4.12 15008.438736
4.35 14998.545205
4.58 14989.273962
4.80 14980.559537
5.03 14972.345325
5.25 14964.582241
5.48 14957.227581
5.70 14950.244082
5.93 14943.599120
6.16 14937.264037
6.40 14931.213578
6.63 14925.425410
6.87 14919.879719
7.10 14914.558867
7.32 14909.447097
7.55 14904.530288
7.77 14899.795744
8.00 14895.232011
8.22 14890.828724
8.44 14886.576471
8.67 14882.466685
8.89 14878.491539
9.12 14874.643866
9.34 14870.917081
9.57 14867.305122
9.79 14863.802391
10.02 14860.403704
10.24 14857.104256
10.47 14853.899575
10.69 14850.785494
10.92 14847.758124
11.15 14844.813824
11.37 14841.949181
11.59 14839.160991
11.82 14836.446240
12.04 14833.802088
12.27 14831.225854
12.49 14828.715007
12.72 14826.267151
12.94 14823.880016
13.17 14821.551447
13.40 14819.279400
13.62 14817.061931
13.85 14814.897189
14.08 14812.783410
14.30 14810.718913
14.52 14808.702093
14.75 14806.731418
14.98 14804.805420
15.21 14802.922698
15.44 14801.081909
15.66 14799.281766
15.89 14797.521034
16.11 14795.798530
16.34 14794.113116
16.56 14792.463702
16.79 14790.849237
17.01 14789.268711
17.24 14787.721153
17.46 14786.205628
17.69 14784.721235
17.92 14783.267107
18.14 14781.842406
18.36 14780.446324
18.59 14779.078084
18.81 14777.736934
19.04 14776.422147
19.26 14775.133023
19.48 14773.868884
19.71 14772.629075
19.93 14771.412962
20.16 14770.219933
20.38 14769.049396
20.61 14767.900776
20.83 14766.773517
21.05 14765.667083
21.28 14764.580951
21.51 14763.514616
21.73 14762.467590
21.96 14761.439398
22.19 14760.429579
22.41 14759.437688
22.64 14758.463291
22.86 14757.505968
23.08 14756.565311
23.31 14755.640925
23.54 14754.732426
23.76 14753.839439
23.99 14752.961602
24.21 14752.098563
24.44 14751.249980
24.66 14750.415519
24.88 14749.594858
25.11 14748.787682
25.34 14747.993684
25.56 14747.212568
25.79 14746.444044
26.02 14745.687831
26.24 14744.943655
26.47 14744.211248
26.69 14743.490352
26.91 14742.780714
27.14 14742.082088
27.36 14741.394235
27.59 14740.716920
27.81 14740.049917
28.04 14739.393005
28.26 14738.745967
28.48 14738.108594
28.71 14737.480681
28.93 14736.862028
29.15 14736.252440
29.38 14735.651727
29.60 14735.059705
29.83 14734.476194
30.05 14733.901016
30.27 14733.334000
30.50 14732.774980
30.72 14732.223790
30.95 14731.680273
31.17 14731.144272
31.40 14730.615636
31.62 14730.094216
31.84 14729.579867
32.07 14729.072450
32.29 14728.571824
32.52 14728.077856
32.74 14727.590414
32.96 14727.109370
33.19 14726.634599
33.41 14726.165977
33.63 14725.703384
33.86 14725.246705
34.08 14724.795825
34.31 14724.350631
34.53 14723.911015
34.75 14723.476870
34.98 14723.048091
35.20 14722.624578
35.43 14722.206229
35.65 14721.792947
35.87 14721.384638
36.10 14720.981208
36.32 14720.582565
36.55 14720.188621
36.77 14719.799288
36.99 14719.414481
37.22 14719.034117
37.44 14718.658113
37.66 14718.286391
37.89 14717.918871
38.11 14717.555477
38.34 14717.196135
38.56 14716.840771
38.78 14716.489313
39.01 14716.141691
39.23 14715.797837
39.46 14715.457682
39.68 14715.121162
39.90 14714.788211
40.13 14714.458766
40.35 14714.132766
40.58 14713.810149
40.80 14713.490858
41.02 14713.174832
41.25 14712.862016
41.47 14712.552353
41.70 14712.245790
41.92 14711.942271
42.14 14711.641746
42.37 14711.344162
42.59 14711.049469
42.82 14710.757618
43.04 14710.468560
43.26 14710.182248
43.49 14709.898635
43.71 14709.617676
43.94 14709.339327
44.16 14709.063543
44.38 14708.790281
44.61 14708.519500
44.83 14708.251157
45.06 14707.985214
45.28 14707.721629
45.50 14707.460365
45.73 14707.201382
45.95 14706.944644
46.18 14706.690114
46.40 14706.437755
46.62 14706.187534
46.85 14705.939413
47.07 14705.693361
47.30 14705.449344
47.52 14705.207328
47.75 14704.967282
47.97 14704.729175
48.19 14704.492974
48.42 14704.258651
48.64 14704.026176
48.87 14703.795518
49.09 14703.566651
49.31 14703.339544
49.54 14703.114172
49.76 14702.890506
49.99 14702.668521
50.21 14702.448190
50.44 14702.229488
50.67 14702.012388
50.90 14701.796868
51.12 14701.582902
51.35 14701.370467
51.57 14701.159540
51.80 14700.950097
52.02 14700.742116
52.25 14700.535575
52.47 14700.330452
52.70 14700.126726
52.92 14699.924376
53.15 14699.723381
53.37 14699.523722
53.60 14699.325378
53.82 14699.128330
54.05 14698.932559
54.27 14698.738046
54.49 14698.544773
54.72 14698.352721
54.94 14698.161873
55.17 14697.972211
55.39 14697.783718
55.61 14697.596378
55.84 14697.410173
56.06 14697.225087
56.29 14697.041105
56.51 14696.858210
56.74 14696.676388
56.97 14696.495622
57.20 14696.315899
57.42 14696.137203
57.65 14695.959520
57.87 14695.782836
58.10 14695.607137
58.32 14695.432409
58.54 14695.258639
58.77 14695.085814
58.99 14694.913921
59.22 14694.742946
59.44 14694.572878
59.66 14694.403704
59.89 14694.235413
60.11 14694.067991
60.33 14693.901427
60.56 14693.735711
60.78 14693.570830
61.01 14693.406773
61.23 14693.243530
61.45 14693.081090
61.68 14692.919442
61.90 14692.758575
62.13 14692.598481
62.35 14692.439147
62.57 14692.280566
62.80 14692.122726
63.02 14691.965619
63.25 14691.809235
63.47 14691.653564
63.69 14691.498599
63.92 14691.344329
64.14 14691.190745
64.37 14691.037841
64.59 14690.885606
64.81 14690.734032
65.04 14690.583111
65.26 14690.432836
65.49 14690.283198
65.71 14690.134189
65.94 14689.985802
66.16 14689.838029
66.38 14689.690862
66.61 14689.544295
66.83 14689.398320
67.06 14689.252929
67.28 14689.108117
67.50 14688.963876
67.73 14688.820199
67.95 14688.677080
68.17 14688.534512
68.40 14688.392489
68.62 14688.251004
68.85 14688.110051
69.07 14687.969624
69.29 14687.829717
69.52 14687.690324
69.74 14687.551440
69.97 14687.413058
70.19 14687.275172
70.41 14687.137778
70.64 14687.000870
70.86 14686.864442
71.09 14686.728488
71.31 14686.593005
71.54 14686.457986
71.76 14686.323427
71.99 14686.189322
72.21 14686.055667
72.44 14685.922457
72.67 14685.789687
72.89 14685.657352
73.11 14685.525448
73.34 14685.393970
73.58 14685.262914
73.81 14685.132275
74.04 14685.002049
74.26 14684.872232
74.49 14684.742820
74.71 14684.613808
74.94 14684.485192
75.17 14684.356969
75.40 14684.229134
75.62 14684.101683
75.84 14683.974613
76.07 14683.847920
76.29 14683.721600
76.52 14683.595649
76.74 14683.470065
76.96 14683.344843
77.19 14683.219979
77.41 14683.095471
77.64 14682.971315
77.86 14682.847508
78.09 14682.724046
78.31 14682.600926
78.54 14682.478145
78.77 14682.355699
78.99 14682.233587
79.22 14682.111804
79.45 14681.990347
79.68 14681.869215
79.90 14681.748403
80.12 14681.627909
80.35 14681.507729
80.57 14681.387862
80.80 14681.268305
81.02 14681.149054
81.24 14681.030107
81.47 14680.911462
81.69 14680.793115
81.92 14680.675065
82.14 14680.557308
82.36 14680.439843
82.59 14680.322666
82.82 14680.205776
83.04 14680.089170
83.27 14679.972845
83.50 14679.856800
83.73 14679.741032
83.95 14679.625538
84.18 14679.510317
84.40 14679.395367
84.63 14679.280685
84.86 14679.166268
85.09 14679.052116
85.32 14678.938226
85.54 14678.824595
85.77 14678.711223
85.99 14678.598106
86.22 14678.485244
86.44 14678.372633
86.67 14678.260272
86.91 14678.148160
87.13 14678.036294
87.35 14677.924672
87.58 14677.813294
87.80 14677.702156
88.03 14677.591257
88.25 14677.480596
88.48 14677.370171
88.71 14677.259980
88.93 14677.150021
89.16 14677.040294
89.38 14676.930795
89.60 14676.821524
89.83 14676.712479
90.05 14676.603658
90.28 14676.495060
90.50 14676.386684
90.72 14676.278528
90.95 14676.170590
91.17 14676.062869
91.40 14675.955364
91.62 14675.848073
91.84 14675.740995
92.07 14675.634128
92.29 14675.527471
92.52 14675.421023
92.74 14675.314782
92.96 14675.208747
93.19 14675.102917
93.41 14674.997290
93.64 14674.891866
93.86 14674.786642
94.08 14674.681618
94.31 14674.576793
94.53 14674.472165
94.75 14674.367733
94.98 14674.263496
95.20 14674.159453
95.43 14674.055603
95.65 14673.951944
95.87 14673.848476
96.10 14673.745196
96.32 14673.642105
96.55 14673.539202
96.77 14673.436484
96.99 14673.333951
97.22 14673.231603
97.44 14673.129437
97.67 14673.027453
97.89 14672.925651
98.12 14672.824028
98.34 14672.722584
98.57 14672.621318
98.79 14672.520230
99.01 14672.419317
99.24 14672.318580
99.46 14672.218017
99.69 14672.117627
99.91 14672.017410
100.13 14671.917365
100.36 14671.817490
100.58 14671.717785
100.81 14671.618249
101.03 14671.518881
101.26 14671.419680
101.48 14671.320646
101.71 14671.221778
101.94 14671.123074
102.16 14671.024534
102.38 14670.926157
102.61 14670.827943
102.83 14670.729891
103.05 14670.631999
103.28 14670.534268
103.50 14670.436696
103.73 14670.339282
103.96 14670.242026
104.21 14670.144928
104.44 14670.047986
104.66 14669.951199
104.89 14669.854568
105.11 14669.758091
105.34 14669.661767
105.56 14669.565597
105.78 14669.469578
106.01 14669.373711
106.23 14669.277996
106.46 14669.182430
106.68 14669.087014
106.91 14668.991746
107.13 14668.896628
107.36 14668.801656
107.58 14668.706832
107.81 14668.612154
108.03 14668.517622
108.26 14668.423235
108.48 14668.328993
108.71 14668.234895
108.93 14668.140940
109.15 14668.047128
109.38 14667.953458
109.60 14667.859930
109.82 14667.766543
110.05 14667.673296
110.27 14667.580190
110.50 14667.487222
110.72 14667.394394
110.94 14667.301704
111.17 14667.209152
111.39 14667.116737
111.61 14667.024458
111.84 14666.932316
112.06 14666.840310
112.29 14666.748438
112.51 14666.656702
112.73 14666.565099
112.96 14666.473630
113.18 14666.382294
113.41 14666.291091
113.63 14666.200020
113.86 14666.109081
114.08 14666.018272
114.31 14665.927595
114.53 14665.837048
114.76 14665.746630
114.98 14665.656342
115.20 14665.566183
115.43 14665.476151
115.65 14665.386248
115.88 14665.296473
116.10 14665.206824
116.33 14665.117302
116.55 14665.027906
116.78 14664.938636
117.00 14664.849491
117.22 14664.760472
117.45 14664.671576
117.67 14664.582804
117.90 14664.494156
118.12 14664.405632
118.34 14664.317229
118.57 14664.228950
118.79 14664.140792
119.02 14664.052756
119.24 14663.964841
119.46 14663.877046
119.69 14663.789372
119.92 14663.701818
120.14 14663.614384
120.37 14663.527068
120.59 14663.439872
120.81 14663.352794
121.04 14663.265833
121.26 14663.178991
121.49 14663.092266
121.71 14663.005658
121.93 14662.919166
122.16 14662.832791
122.39 14662.746531
122.61 14662.660387
122.84 14662.574358
123.06 14662.488443
123.28 14662.402643
123.51 14662.316958
123.73 14662.231385
123.96 14662.145927
124.18 14662.060581
124.40 14661.975348
124.63 14661.890227
124.85 14661.805218
125.08 14661.720321
125.30 14661.635535
125.53 14661.550861
125.75 14661.466297
125.98 14661.381843
126.20 14661.297499
126.43 14661.213265
126.65 14661.129141
126.88 14661.045125
127.10 14660.961218
127.32 14660.877420
127.55 14660.793730
127.77 14660.710148
128.00 14660.626673
128.22 14660.543305
128.44 14660.460045
128.67 14660.376890
128.89 14660.293843
129.12 14660.210901
129.34 14660.128065
129.56 14660.045334
129.79 14659.962709
130.01 14659.880188
130.24 14659.797771
130.46 14659.715460
130.68 14659.633252
130.91 14659.551147
131.13 14659.469146
131.35 14659.387249
131.58 14659.305453
131.80 14659.223761
132.03 14659.142171
132.25 14659.060683
132.47 14658.979296
132.70 14658.898011
132.92 14658.816827
133.15 14658.735744
133.37 14658.654762
133.59 14658.573880
133.82 14658.493098
134.04 14658.412416
134.26 14658.331834
134.49 14658.251351
134.71 14658.170967
134.93 14658.090681
135.16 14658.010495
135.38 14657.930406
135.61 14657.850416
135.83 14657.770523
136.05 14657.690728
136.28 14657.611030
136.50 14657.531429
136.73 14657.451925
136.95 14657.372517
137.17 14657.293206
137.40 14657.213990
137.62 14657.134871
137.85 14657.055847
138.07 14656.976918
138.29 14656.898085
138.52 14656.819346
138.74 14656.740701
138.97 14656.662152
139.19 14656.583696
139.41 14656.505334
139.64 14656.427065
139.86 14656.348891
140.08 14656.270809
140.31 14656.192820
140.53 14656.114924
140.76 14656.037120
140.98 14655.959409
141.20 14655.881790
141.43 14655.804262
141.65 14655.726826
141.87 14655.649481
142.10 14655.572228
142.32 14655.495065
142.55 14655.417993
142.77 14655.341012
142.99 14655.264121
143.22 14655.187320
143.44 14655.110608
143.66 14655.033986
143.89 14654.957454
144.11 14654.881011
144.34 14654.804657
144.56 14654.728391
144.78 14654.652214
145.01 14654.576125
145.23 14654.500125
145.46 14654.424212
145.68 14654.348387
145.90 14654.272650
146.13 14654.196999
146.35 14654.121436
146.57 14654.045960
146.80 14653.970570
147.02 14653.895267
147.25 14653.820050
147.47 14653.744919
147.69 14653.669874
147.92 14653.594915
148.14 14653.520041
148.37 14653.445253
148.59 14653.370549
148.82 14653.295930
149.04 14653.221396
149.27 14653.146947
149.50 14653.072582
149.72 14652.998300
149.95 14652.924103
150.17 14652.849989
150.40 14652.775959
150.63 14652.702013
150.85 14652.628149
151.07 14652.554368
151.30 14652.480670
151.53 14652.407055
151.75 14652.333522
151.98 14652.260071
152.20 14652.186702
152.44 14652.113415
152.67 14652.040210
152.89 14651.967086
153.12 14651.894043
153.34 14651.821082
153.57 14651.748201
153.79 14651.675401
154.02 14651.602682
154.24 14651.530043
154.47 14651.457484
154.70 14651.385005
154.93 14651.312606
155.17 14651.240286
155.40 14651.168046
155.64 14651.095886
155.88 14651.023804
156.11 14650.951802
156.34 14650.879878
156.57 14650.808033
156.81 14650.736266
157.03 14650.664577
157.26 14650.592967
157.49 14650.521434
157.72 14650.449980
157.95 14650.378602
158.18 14650.307303
158.41 14650.236080
158.63 14650.164934
158.86 14650.093866
159.09 14650.022874
159.32 14649.951959
159.54 14649.881120
159.77 14649.810357
160.00 14649.739670
160.24 14649.669059
160.48 14649.598524
160.72 14649.528065
160.95 14649.457681
161.18 14649.387372
161.41 14649.317138
161.64 14649.246980
161.88 14649.176896
162.12 14649.106886
162.36 14649.036951
162.59 14648.967091
162.82 14648.897304
163.05 14648.827592
163.27 14648.757953
163.49 14648.688388
163.72 14648.618896
163.94 14648.549478
164.18 14648.480133
164.41 14648.410861
164.64 14648.341662
164.86 14648.272535
165.09 14648.203482
165.32 14648.134500
165.54 14648.065591
165.77 14647.996754
166.00 14647.927989
166.23 14647.859296
166.45 14647.790674
166.67 14647.722124
166.90 14647.653645
167.12 14647.585238
167.35 14647.516901
167.57 14647.448636
167.79 14647.380441
168.02 14647.312317
168.24 14647.244263
168.46 14647.176280
168.69 14647.108367
168.91 14647.040524
169.14 14646.972751
169.36 14646.905047
169.58 14646.837414
169.81 14646.769849
170.03 14646.702354
170.26 14646.634928
170.48 14646.567572
170.70 14646.500284
170.93 14646.433064
171.15 14646.365914
171.37 14646.298832
171.60 14646.231818
171.82 14646.164872
172.05 14646.097995
172.27 14646.031185
172.49 14645.964444
172.72 14645.897769
172.94 14645.831163
173.17 14645.764623
173.39 14645.698151
173.61 14645.631746
173.84 14645.565408
174.06 14645.499137
174.28 14645.432932
174.51 14645.366794
174.73 14645.300723
174.96 14645.234718
175.18 14645.168778
175.41 14645.102905
175.63 14645.037098
175.86 14644.971356
176.08 14644.905680
176.30 14644.840070
176.53 14644.774525
176.75 14644.709045
176.98 14644.643630
177.20 14644.578280
177.42 14644.512996
177.65 14644.447775
177.87 14644.382620
178.10 14644.317528
178.32 14644.252501
178.54 14644.187539
178.77 14644.122640
178.99 14644.057805
179.22 14643.993034
179.44 14643.928327
179.67 14643.863683
179.89 14643.799103
180.12 14643.734586
180.34 14643.670132
180.56 14643.605741
180.79 14643.541414
181.01 14643.477149
181.24 14643.412946
181.46 14643.348807
181.68 14643.284729
181.91 14643.220714
182.13 14643.156761
182.36 14643.092871
182.58 14643.029042
182.80 14642.965275
183.03 14642.901570
183.25 14642.837926
183.47 14642.774344
183.70 14642.710823
183.92 14642.647363
184.15 14642.583965
184.37 14642.520627
184.59 14642.457350
184.82 14642.394135
185.04 14642.330979
185.26 14642.267885
185.49 14642.204850
185.71 14642.141876
185.94 14642.078962
186.16 14642.016108
186.38 14641.953315
186.61 14641.890581
186.83 14641.827906
187.06 14641.765291
187.28 14641.702736
187.50 14641.640240
187.73 14641.577803
187.95 14641.515426
188.18 14641.453107
188.40 14641.390848
188.62 14641.328647
188.85 14641.266505
189.07 14641.204421
189.30 14641.142396
189.52 14641.080429
189.74 14641.018521
189.97 14640.956670
190.19 14640.894878
190.42 14640.833144
190.64 14640.771467
190.87 14640.709848
191.09 14640.648287
191.31 14640.586783
191.54 14640.525336
191.76 14640.463947
191.99 14640.402615
192.21 14640.341340
192.43 14640.280121
192.66 14640.218960
192.88 14640.157855
193.10 14640.096807
193.33 14640.035816
193.55 14639.974881
193.78 14639.914002
194.00 14639.853179
194.22 14639.792412
194.45 14639.731702
194.67 14639.671047
194.90 14639.610448
195.13 14639.549905
195.35 14639.489417
195.58 14639.428985
195.80 14639.368608
196.02 14639.308286
196.25 14639.248019
196.47 14639.187808
196.70 14639.127651
196.92 14639.067550
197.15 14639.007503
197.37 14638.947510
197.59 14638.887572
197.82 14638.827689
198.04 14638.767860
198.27 14638.708085
198.50 14638.648364
198.73 14638.588698
198.95 14638.529085
199.18 14638.469526
199.40 14638.410021
199.63 14638.350569
199.85 14638.291172
200.07 14638.231827
200.30 14638.172536
200.52 14638.113298
200.75 14638.054113
200.97 14637.994981
201.19 14637.935902
201.42 14637.876876
201.64 14637.817903
201.86 14637.758983
202.09 14637.700115
202.31 14637.641299
202.54 14637.582536
202.76 14637.523825
202.98 14637.465167
203.21 14637.406560
203.44 14637.348006
203.66 14637.289503
203.89 14637.231052
204.11 14637.172653
204.34 14637.114306
204.56 14637.056010
204.79 14636.997765
205.01 14636.939572
205.23 14636.881430
205.46 14636.823339
205.68 14636.765299
205.91 14636.707311
206.13 14636.649373
206.35 14636.591486
206.58 14636.533649
206.80 14636.475864
207.02 14636.418128
207.25 14636.360444
207.47 14636.302809
207.70 14636.245225
207.92 14636.187691
208.14 14636.130207
208.37 14636.072773
208.59 14636.015389
208.82 14635.958055
209.04 14635.900770
209.27 14635.843535
209.49 14635.786350
209.72 14635.729214
209.94 14635.672127
210.16 14635.615090
210.39 14635.558101
210.62 14635.501162
210.84 14635.444272
211.06 14635.387431
211.29 14635.330639
211.52 14635.273896
211.75 14635.217201
211.98 14635.160554
212.21 14635.103957
212.43 14635.047407
212.66 14634.990906
212.88 14634.934454
213.11 14634.878049
213.33 14634.821692
213.55 14634.765384
213.78 14634.709123
214.01 14634.652910
214.23 14634.596745
214.46 14634.540628
214.69 14634.484558
214.91 14634.428536
215.14 14634.372561
215.37 14634.316633
215.60 14634.260752
215.83 14634.204919
216.05 14634.149133
216.27 14634.093394
216.50 14634.037702
216.72 14633.982056
216.95 14633.926458
217.17 14633.870905
217.40 14633.815400
217.62 14633.759941
217.85 14633.704529
218.07 14633.649163
218.30 14633.593843
218.52 14633.538569
218.76 14633.483342
218.99 14633.428160
219.24 14633.373024
219.46 14633.317935
219.69 14633.262891
219.93 14633.207893
220.17 14633.152940
220.41 14633.098033
220.64 14633.043171
220.87 14632.988355
221.11 14632.933585
221.34 14632.878859
221.57 14632.824179
221.80 14632.769543
222.03 14632.714953
222.27 14632.660408
222.49 14632.605907
222.72 14632.551452
222.94 14632.497041
223.17 14632.442674
223.40 14632.388353
223.62 14632.334075
223.85 14632.279842
224.08 14632.225654
224.31 14632.171510
224.54 14632.117410
224.78 14632.063354
225.01 14632.009342
225.26 14631.955374
