0.00 15504.573378
1.91 14237.866446
3.83 14085.875798
5.70 14015.736952
7.60 13996.147896
9.50 13979.935189
11.42 13966.095803
13.38 13954.109222
15.26 13943.795595
17.14 13934.888122
19.03 13927.150104
20.93 13920.403641
22.82 13914.485491
24.69 13909.234316
26.56 13904.632130
28.45 13904.592415
30.33 13904.579010
32.21 13903.896208
33.97 13900.663464
35.75 13899.428529
37.66 13897.704013
39.60 13896.866617
41.50 13896.121868
43.41 13895.545683
45.34 13895.248100
47.26 13895.068815
49.14 13894.878026
51.07 13894.780743
52.97 13894.710167
54.91 13894.690084
56.81 13894.687415
