0.00 15504.573378
1.13 15227.102921
2.27 15060.693859
3.46 14938.873678
4.66 14838.612274
5.79 14752.789224
6.93 14677.383191
8.06 14610.031413
9.20 14549.295456
10.33 14494.234339
11.53 14444.179120
12.66 14398.616042
13.80 14357.125373
14.93 14319.348785
16.13 14284.971283
17.26 14253.710839
18.45 14225.312013
19.59 14199.541867
20.72 14176.187051
21.92 14155.051644
23.11 14135.955403
24.31 14118.732379
25.44 14103.229629
26.64 14089.306179
27.77 14076.832019
28.91 14065.687240
30.04 14055.761244
31.24 14046.952025
32.37 14039.165478
33.56 14032.314810
34.70 14026.319995
35.83 14021.107220
37.03 14016.608432
38.16 14012.760903
39.36 14009.506818
40.49 14006.792902
41.69 14004.570097
42.88 14002.793200
44.08 14001.420603
45.21 14000.414029
46.35 13999.738238
47.54 13999.360842
48.73 13999.252059
