0.00 19808.507932
0.07 19714.644976
0.13 19637.963616
0.20 19574.973351
0.26 19522.945482
0.33 19479.737105
0.40 19443.657648
0.46 19413.367300
0.53 19387.799401
0.60 19366.100933
0.66 19347.586697
0.73 19331.703883
0.79 19318.004588
0.86 19306.124376
0.93 19295.765522
0.99 19286.683829
1.06 19278.678234
1.13 19271.582573
1.19 19265.259030
1.26 19259.592899
1.32 19254.488394
1.39 19249.865264
1.46 19245.656070
1.52 19241.803963
1.59 19238.260888
1.66 19234.986104
1.72 19231.944983
1.79 19229.108010
1.85 19226.449969
1.92 19223.949261
1.99 19221.587338
2.05 19219.348241
2.12 19217.218200
2.19 19215.185310
2.25 19213.239257
2.32 19211.371079
2.38 19209.572981
2.45 19207.838159
2.52 19206.160668
2.58 19204.535297
2.65 19202.957472
2.71 19201.423168
2.78 19199.928832
2.85 19198.471328
2.91 19197.047872
2.98 19195.655997
3.05 19194.293502
3.11 19192.958427
3.18 19191.649016
3.25 19190.363696
3.31 19189.101052
3.38 19187.859810
3.45 19186.638817
3.51 19185.437029
3.58 19184.253500
3.65 19183.087364
3.71 19181.937836
3.78 19180.804192
3.85 19179.685771
3.91 19178.581961
3.98 19177.492202
4.05 19176.415972
4.11 19175.352788
4.18 19174.302201
4.25 19173.263792
4.31 19172.237171
4.38 19171.221970
4.44 19170.217846
4.51 19169.224475
4.58 19168.241552
4.64 19167.268787
4.71 19166.305909
4.78 19165.352657
4.84 19164.408787
4.91 19163.474063
4.97 19162.548263
5.04 19161.631172
5.11 19160.722588
5.17 19159.822314
5.24 19158.930163
5.31 19158.045956
5.37 19157.169520
5.44 19156.300688
5.50 19155.439299
5.57 19154.585201
5.64 19153.738243
5.70 19152.898281
5.77 19152.065177
5.84 19151.238794
5.90 19150.419004
5.97 19149.605679
6.03 19148.798698
6.10 19147.997941
6.17 19147.203293
6.23 19146.414642
6.30 19145.631878
6.37 19144.854898
6.43 19144.083597
6.50 19143.317875
6.56 19142.557636
6.63 19141.802784
6.70 19141.053227
6.76 19140.308875
6.83 19139.569640
6.89 19138.835438
6.96 19138.106183
7.03 19137.381796
7.09 19136.662197
7.16 19135.947308
7.22 19135.237053
7.29 19134.531360
7.36 19133.830156
7.42 19133.133370
7.49 19132.440934
7.56 19131.752780
7.62 19131.068842
7.69 19130.389057
7.75 19129.713361
7.82 19129.041693
7.89 19128.373993
7.95 19127.710202
8.02 19127.050262
8.08 19126.394118
8.15 19125.741713
8.22 19125.092994
8.28 19124.447908
8.35 19123.806403
8.41 19123.168429
8.48 19122.533936
8.55 19121.902874
8.61 19121.275198
8.68 19120.650859
8.75 19120.029811
8.81 19119.412011
8.88 19118.797414
8.94 19118.185977
9.01 19117.577657
9.08 19116.972413
9.14 19116.370205
9.21 19115.770992
9.27 19115.174736
9.34 19114.581397
9.41 19113.990939
9.47 19113.403323
9.54 19112.818515
9.60 19112.236478
9.67 19111.657177
9.74 19111.080578
9.80 19110.506647
9.87 19109.935352
9.93 19109.366659
10.00 19108.800536
10.07 19108.236953
10.13 19107.675879
10.20 19107.117283
10.27 19106.561135
10.33 19106.007407
10.40 19105.456069
10.46 19104.907094
10.53 19104.360453
10.60 19103.816120
10.66 19103.274067
10.73 19102.734269
10.80 19102.196699
10.86 19101.661332
10.93 19101.128143
11.00 19100.597108
11.06 19100.068201
11.13 19099.541400
11.19 19099.016681
11.26 19098.494021
11.33 19097.973397
11.39 19097.454786
11.46 19096.938168
11.53 19096.423521
11.59 19095.910822
11.66 19095.400052
11.73 19094.891189
11.79 19094.384214
11.86 19093.879107
11.93 19093.375847
11.99 19092.874416
12.06 19092.374795
12.13 19091.876964
12.19 19091.380906
12.26 19090.886602
12.33 19090.394034
12.39 19089.903185
12.46 19089.414038
12.53 19088.926575
12.59 19088.440779
12.66 19087.956635
12.72 19087.474125
12.79 19086.993234
12.86 19086.513945
12.92 19086.036243
12.99 19085.560113
13.06 19085.085539
13.12 19084.612507
13.19 19084.141002
13.25 19083.671009
13.32 19083.202514
13.39 19082.735503
13.45 19082.269962
13.52 19081.805877
13.58 19081.343234
13.65 19080.882021
13.72 19080.422224
13.78 19079.963831
13.85 19079.506827
13.91 19079.051202
13.98 19078.596942
14.05 19078.144035
14.11 19077.692469
14.18 19077.242233
14.25 19076.793313
14.31 19076.345699
14.38 19075.899380
14.44 19075.454343
14.51 19075.010579
14.58 19074.568075
14.64 19074.126821
14.71 19073.686806
14.77 19073.248020
14.84 19072.810452
14.91 19072.374092
14.97 19071.938929
15.04 19071.504955
15.11 19071.072158
15.17 19070.640529
15.24 19070.210058
15.30 19069.780737
15.37 19069.352554
15.44 19068.925502
15.50 19068.499571
15.57 19068.074752
15.64 19067.651035
15.70 19067.228413
15.77 19066.806876
15.83 19066.386416
15.90 19065.967024
15.97 19065.548692
16.03 19065.131412
16.10 19064.715175
16.17 19064.299973
16.23 19063.885799
16.30 19063.472644
16.36 19063.060501
16.43 19062.649361
16.50 19062.239218
16.56 19061.830064
16.63 19061.421891
16.69 19061.014691
16.76 19060.608459
16.83 19060.203186
16.89 19059.798866
16.96 19059.395490
17.02 19058.993054
17.09 19058.591549
17.16 19058.190969
17.22 19057.791307
17.29 19057.392557
17.36 19056.994712
17.42 19056.597766
17.49 19056.201712
17.55 19055.806544
17.62 19055.412255
17.69 19055.018840
17.75 19054.626293
17.82 19054.234607
17.88 19053.843776
17.95 19053.453795
18.02 19053.064658
18.08 19052.676358
18.15 19052.288891
18.22 19051.902251
18.28 19051.516432
18.35 19051.131428
18.41 19050.747234
18.48 19050.363845
18.55 19049.981256
18.61 19049.599460
18.68 19049.218454
18.74 19048.838231
18.81 19048.458787
18.88 19048.080117
18.94 19047.702215
19.01 19047.325077
19.08 19046.948697
19.14 19046.573072
19.21 19046.198196
19.28 19045.824064
19.34 19045.450672
19.41 19045.078015
19.48 19044.706088
19.54 19044.334888
19.61 19043.964409
19.68 19043.594647
19.74 19043.225598
19.81 19042.857257
19.88 19042.489620
19.94 19042.122683
20.01 19041.756441
20.08 19041.390891
20.14 19041.026028
20.21 19040.661848
20.28 19040.298347
20.34 19039.935522
20.41 19039.573367
20.47 19039.211880
20.54 19038.851056
20.61 19038.490891
20.67 19038.131382
20.74 19037.772525
20.81 19037.414316
20.87 19037.056752
20.94 19036.699828
21.00 19036.343541
21.07 19035.987888
21.14 19035.632865
21.20 19035.278469
21.27 19034.924696
21.34 19034.571542
21.40 19034.219004
21.47 19033.867079
21.53 19033.515764
21.60 19033.165055
21.67 19032.814948
21.73 19032.465441
21.80 19032.116531
21.86 19031.768213
21.93 19031.420486
22.00 19031.073345
22.06 19030.726788
22.13 19030.380812
22.20 19030.035414
22.26 19029.690590
22.33 19029.346338
22.39 19029.002654
22.46 19028.659536
22.53 19028.316981
22.59 19027.974986
22.66 19027.633549
22.72 19027.292665
22.79 19026.952333
22.86 19026.612550
22.92 19026.273313
22.99 19025.934618
23.06 19025.596465
23.12 19025.258849
23.19 19024.921769
23.25 19024.585221
23.32 19024.249204
23.39 19023.913713
23.45 19023.578748
23.52 19023.244305
23.58 19022.910382
23.65 19022.576976
23.72 19022.244085
23.78 19021.911707
23.85 19021.579838
23.92 19021.248477
23.98 19020.917622
24.05 19020.587269
24.11 19020.257417
24.18 19019.928064
24.25 19019.599206
24.31 19019.270841
24.38 19018.942969
24.44 19018.615585
24.51 19018.288689
24.58 19017.962277
24.64 19017.636348
24.71 19017.310899
24.77 19016.985929
24.84 19016.661435
24.91 19016.337414
24.97 19016.013866
25.04 19015.690788
25.11 19015.368177
25.17 19015.046033
25.24 19014.724352
25.30 19014.403133
25.37 19014.082374
25.44 19013.762073
25.50 19013.442227
25.57 19013.122836
25.63 19012.803897
25.70 19012.485407
25.77 19012.167366
25.83 19011.849772
25.90 19011.532622
25.97 19011.215914
26.03 19010.899648
26.10 19010.583820
26.16 19010.268430
26.23 19009.953475
26.30 19009.638954
26.36 19009.324865
26.43 19009.011206
26.49 19008.697976
26.56 19008.385172
26.63 19008.072794
26.69 19007.760839
26.76 19007.449305
26.83 19007.138192
26.89 19006.827497
26.96 19006.517218
27.02 19006.207355
27.09 19005.897906
27.16 19005.588868
27.22 19005.280241
27.29 19004.972023
27.36 19004.664212
27.42 19004.356806
27.49 19004.049805
27.56 19003.743207
27.62 19003.437009
27.69 19003.131211
27.76 19002.825812
27.82 19002.520809
27.89 19002.216201
27.96 19001.911987
28.02 19001.608166
28.09 19001.304735
28.16 19001.001694
28.22 19000.699040
28.29 19000.396774
28.36 19000.094892
28.42 18999.793395
28.49 18999.492280
28.56 18999.191546
28.62 18998.891193
28.69 18998.591217
28.75 18998.291619
28.82 18997.992396
28.89 18997.693548
28.95 18997.395074
29.02 18997.096971
29.08 18996.799239
29.15 18996.501876
29.22 18996.204881
29.28 18995.908254
29.35 18995.611991
29.42 18995.316094
29.48 18995.020559
29.55 18994.725386
29.61 18994.430574
29.68 18994.136122
29.75 18993.842028
29.81 18993.548291
29.88 18993.254910
29.94 18992.961884
30.01 18992.669211
30.08 18992.376891
30.14 18992.084922
30.21 18991.793304
30.28 18991.502034
30.34 18991.211113
30.41 18990.920538
30.48 18990.630310
30.54 18990.340426
30.61 18990.050885
30.67 18989.761687
30.74 18989.472830
30.81 18989.184314
30.87 18988.896136
30.94 18988.608298
31.00 18988.320796
31.07 18988.033630
31.14 18987.746800
31.20 18987.460303
31.27 18987.174140
31.33 18986.888309
31.40 18986.602809
31.47 18986.317638
31.53 18986.032797
31.60 18985.748284
31.67 18985.464098
31.73 18985.180238
31.80 18984.896704
31.86 18984.613493
31.93 18984.330606
32.00 18984.048041
32.06 18983.765797
32.13 18983.483874
32.19 18983.202270
32.26 18982.920985
32.33 18982.640017
32.39 18982.359366
32.46 18982.079031
32.53 18981.799011
32.59 18981.519304
32.66 18981.239911
32.72 18980.960831
32.79 18980.682061
32.86 18980.403602
32.92 18980.125453
32.99 18979.847612
33.05 18979.570079
33.12 18979.292853
33.19 18979.015934
33.25 18978.739320
33.32 18978.463010
33.39 18978.187004
33.45 18977.911301
33.52 18977.635900
33.58 18977.360800
33.65 18977.086001
33.72 18976.811501
33.78 18976.537300
33.85 18976.263397
33.91 18975.989791
33.98 18975.716481
34.05 18975.443467
34.11 18975.170748
34.18 18974.898323
34.24 18974.626192
34.31 18974.354353
34.38 18974.082805
34.44 18973.811549
34.51 18973.540583
34.57 18973.269906
34.64 18972.999519
34.71 18972.729419
34.77 18972.459606
34.84 18972.190080
34.91 18971.920840
34.97 18971.651885
35.04 18971.383215
35.10 18971.114828
35.17 18970.846724
35.24 18970.578902
35.30 18970.311362
35.37 18970.044102
35.44 18969.777123
35.50 18969.510423
35.57 18969.244002
35.64 18968.977859
35.70 18968.711994
35.77 18968.446405
35.84 18968.181092
35.90 18967.916055
35.97 18967.651292
36.04 18967.386804
36.10 18967.122588
36.17 18966.858646
36.24 18966.594976
36.30 18966.331576
36.37 18966.068448
36.44 18965.805590
36.50 18965.543002
36.57 18965.280682
36.64 18965.018630
36.70 18964.756846
36.77 18964.495330
36.83 18964.234079
36.90 18963.973094
36.97 18963.712374
37.03 18963.451919
37.10 18963.191728
37.17 18962.931800
37.23 18962.672134
37.30 18962.412731
37.36 18962.153589
37.43 18961.894708
37.50 18961.636087
37.56 18961.377726
37.63 18961.119624
37.70 18960.861781
37.76 18960.604195
37.83 18960.346867
37.89 18960.089796
37.96 18959.832981
38.03 18959.576422
38.09 18959.320117
38.16 18959.064067
38.22 18958.808271
38.29 18958.552729
38.36 18958.297439
38.42 18958.042402
38.49 18957.787616
38.56 18957.533082
38.62 18957.278798
38.69 18957.024764
38.75 18956.770980
38.82 18956.517445
38.89 18956.264158
38.95 18956.011119
39.02 18955.758328
39.08 18955.505783
39.15 18955.253485
39.22 18955.001433
39.28 18954.749626
39.35 18954.498064
39.42 18954.246746
39.48 18953.995672
39.55 18953.744841
39.61 18953.494253
39.68 18953.243907
39.75 18952.993803
39.81 18952.743940
39.88 18952.494317
39.94 18952.244936
40.01 18951.995793
40.08 18951.746890
40.14 18951.498226
40.21 18951.249800
40.28 18951.001611
40.34 18950.753660
40.41 18950.505946
40.47 18950.258468
40.54 18950.011226
40.61 18949.764219
40.67 18949.517447
40.74 18949.270909
40.80 18949.024606
40.87 18948.778536
40.94 18948.532698
41.00 18948.287094
41.07 18948.041721
41.14 18947.796580
41.20 18947.551670
41.27 18947.306991
41.33 18947.062542
41.40 18946.818323
41.47 18946.574333
41.53 18946.330572
41.60 18946.087039
41.66 18945.843734
41.73 18945.600657
41.80 18945.357807
41.86 18945.115184
41.93 18944.872787
42.00 18944.630615
42.06 18944.388669
42.13 18944.146948
42.19 18943.905450
42.26 18943.664178
42.33 18943.423128
42.39 18943.182302
42.46 18942.941699
42.52 18942.701318
42.59 18942.461158
42.66 18942.221221
42.72 18941.981504
42.79 18941.742008
42.86 18941.502732
42.92 18941.263676
42.99 18941.024839
43.05 18940.786221
43.12 18940.547822
43.19 18940.309641
43.25 18940.071678
43.32 18939.833931
43.38 18939.596402
43.45 18939.359090
43.52 18939.121993
43.58 18938.885112
43.65 18938.648447
43.72 18938.411997
43.78 18938.175760
43.85 18937.939738
43.92 18937.703930
43.98 18937.468335
44.05 18937.232954
44.12 18936.997784
44.18 18936.762827
44.25 18936.528082
44.32 18936.293548
44.38 18936.059225
44.45 18935.825112
44.52 18935.591210
44.58 18935.357518
44.65 18935.124035
44.72 18934.890762
44.78 18934.657697
44.85 18934.424840
44.92 18934.192192
44.98 18933.959751
45.05 18933.727517
45.11 18933.495490
45.18 18933.263670
45.25 18933.032056
45.31 18932.800648
45.38 18932.569445
45.45 18932.338447
45.51 18932.107654
45.58 18931.877065
45.64 18931.646680
45.71 18931.416499
45.78 18931.186521
45.84 18930.956746
45.91 18930.727173
45.98 18930.497803
46.04 18930.268634
46.11 18930.039667
46.17 18929.810901
46.24 18929.582336
46.31 18929.353971
46.37 18929.125806
46.44 18928.897842
46.50 18928.670076
46.57 18928.442510
46.64 18928.215142
46.70 18927.987972
46.77 18927.761001
46.84 18927.534227
46.90 18927.307651
46.97 18927.081272
47.03 18926.855089
47.10 18926.629103
47.17 18926.403313
47.23 18926.177718
47.30 18925.952319
47.36 18925.727114
47.43 18925.502105
47.50 18925.277289
47.56 18925.052668
47.63 18924.828241
47.70 18924.604006
47.76 18924.379965
47.83 18924.156117
47.89 18923.932461
47.96 18923.708997
48.03 18923.485725
48.09 18923.262644
48.16 18923.039754
48.22 18922.817055
48.29 18922.594547
48.36 18922.372229
48.42 18922.150100
48.49 18921.928161
48.55 18921.706412
48.62 18921.484851
48.69 18921.263479
48.75 18921.042295
48.82 18920.821299
48.89 18920.600490
48.95 18920.379869
49.02 18920.159435
49.08 18919.939188
49.15 18919.719127
49.22 18919.499253
49.28 18919.279564
49.35 18919.060060
49.41 18918.840742
49.48 18918.621609
49.55 18918.402660
49.61 18918.183896
49.68 18917.965316
49.74 18917.746919
49.81 18917.528706
49.88 18917.310676
49.94 18917.092828
50.01 18916.875164
50.08 18916.657681
50.14 18916.440381
50.21 18916.223261
50.28 18916.006324
50.34 18915.789567
50.41 18915.572991
50.47 18915.356596
50.54 18915.140381
50.61 18914.924346
50.67 18914.708490
50.74 18914.492814
50.80 18914.277316
50.87 18914.061998
50.94 18913.846858
51.00 18913.631896
51.07 18913.417112
51.14 18913.202505
51.20 18912.988077
51.27 18912.773825
51.33 18912.559749
51.40 18912.345851
51.47 18912.132128
51.53 18911.918582
51.60 18911.705211
51.67 18911.492015
51.73 18911.278995
51.80 18911.066149
51.87 18910.853478
51.93 18910.640982
52.00 18910.428659
52.07 18910.216510
52.13 18910.004534
52.20 18909.792732
52.26 18909.581103
52.33 18909.369646
52.40 18909.158362
52.46 18908.947250
52.53 18908.736309
52.60 18908.525541
52.66 18908.314943
52.73 18908.104517
52.80 18907.894261
52.86 18907.684176
52.93 18907.474262
53.00 18907.264517
53.06 18907.054942
53.13 18906.845536
53.20 18906.636300
53.26 18906.427233
53.33 18906.218334
53.39 18906.009604
53.46 18905.801042
53.52 18905.592648
53.59 18905.384421
53.66 18905.176362
53.72 18904.968470
53.79 18904.760745
53.85 18904.553187
53.92 18904.345795
53.99 18904.138569
54.06 18903.931509
54.12 18903.724615
54.19 18903.517885
54.26 18903.311322
54.32 18903.104923
54.39 18902.898688
54.46 18902.692618
54.52 18902.486712
54.59 18902.280970
54.65 18902.075392
54.72 18901.869977
54.79 18901.664725
54.85 18901.459636
54.92 18901.254710
54.99 18901.049946
55.05 18900.845344
55.12 18900.640905
55.18 18900.436626
55.25 18900.232509
55.32 18900.028554
55.38 18899.824759
55.45 18899.621125
55.52 18899.417652
55.58 18899.214338
55.65 18899.011185
55.71 18898.808192
55.78 18898.605357
55.85 18898.402683
55.91 18898.200167
55.98 18897.997810
56.04 18897.795611
56.11 18897.593571
56.18 18897.391689
56.24 18897.189965
56.31 18896.988398
56.37 18896.786989
56.44 18896.585737
56.51 18896.384642
56.57 18896.183704
56.64 18895.982922
56.70 18895.782296
56.77 18895.581826
56.84 18895.381512
56.90 18895.181353
56.97 18894.981350
57.04 18894.781502
57.10 18894.581809
57.17 18894.382270
57.23 18894.182886
57.30 18893.983655
57.37 18893.784579
57.43 18893.585657
57.50 18893.386888
57.56 18893.188272
57.63 18892.989809
57.70 18892.791499
57.76 18892.593342
57.83 18892.395337
57.89 18892.197484
57.96 18891.999783
58.03 18891.802234
58.09 18891.604836
58.16 18891.407589
58.23 18891.210494
58.29 18891.013549
58.36 18890.816755
58.42 18890.620112
58.49 18890.423618
58.56 18890.227275
58.62 18890.031081
58.69 18889.835036
58.76 18889.639141
58.82 18889.443395
58.89 18889.247798
58.96 18889.052350
59.02 18888.857049
59.09 18888.661898
59.15 18888.466894
59.22 18888.272038
59.29 18888.077329
59.35 18887.882768
59.42 18887.688354
59.49 18887.494087
59.55 18887.299967
59.62 18887.105993
59.69 18886.912166
59.75 18886.718485
59.82 18886.524949
59.89 18886.331559
59.95 18886.138315
60.02 18885.945216
60.08 18885.752262
60.15 18885.559453
60.22 18885.366789
60.28 18885.174268
60.35 18884.981893
60.42 18884.789661
60.48 18884.597573
60.55 18884.405629
60.62 18884.213828
60.68 18884.022170
60.75 18883.830655
60.82 18883.639283
60.88 18883.448054
60.95 18883.256967
61.02 18883.066022
61.08 18882.875219
61.15 18882.684558
61.22 18882.494039
61.28 18882.303661
61.35 18882.113424
61.41 18881.923328
61.48 18881.733373
61.55 18881.543559
61.61 18881.353884
61.68 18881.164351
61.74 18880.974957
61.81 18880.785703
61.88 18880.596588
61.94 18880.407613
62.01 18880.218777
62.08 18880.030080
62.14 18879.841522
62.21 18879.653103
62.27 18879.464822
62.34 18879.276679
62.41 18879.088674
62.47 18878.900807
62.54 18878.713078
62.60 18878.525486
62.67 18878.338032
62.74 18878.150714
62.80 18877.963534
62.87 18877.776490
62.94 18877.589583
63.00 18877.402812
63.07 18877.216177
63.13 18877.029678
63.20 18876.843314
63.27 18876.657087
63.33 18876.470994
63.40 18876.285037
63.47 18876.099215
63.53 18875.913528
63.60 18875.727975
63.66 18875.542557
63.73 18875.357272
63.80 18875.172122
63.86 18874.987106
63.93 18874.802224
63.99 18874.617475
64.06 18874.432859
64.13 18874.248376
64.19 18874.064027
64.26 18873.879810
64.32 18873.695726
64.39 18873.511774
64.46 18873.327954
64.52 18873.144266
64.59 18872.960710
64.66 18872.777286
64.72 18872.593994
64.79 18872.410832
64.85 18872.227802
64.92 18872.044902
64.99 18871.862134
65.05 18871.679496
65.12 18871.496988
65.19 18871.314611
65.25 18871.132364
65.32 18870.950246
65.38 18870.768258
65.45 18870.586400
65.52 18870.404671
65.58 18870.223071
65.65 18870.041601
65.71 18869.860259
65.78 18869.679045
65.85 18869.497960
65.91 18869.317004
65.98 18869.136175
66.05 18868.955474
66.11 18868.774901
66.18 18868.594456
66.24 18868.414138
