0.00 19808.507932
0.64 18641.819268
1.25 18460.391813
1.89 18319.812570
2.50 18207.159389
3.14 18117.866757
3.76 18047.435207
4.39 17991.325887
5.01 17946.557245
5.62 17911.183354
6.26 17883.208802
6.87 17860.349132
7.51 17841.347328
8.13 17826.306028
8.76 17814.601045
9.38 17804.848252
10.02 17796.443578
10.63 17789.160591
11.27 17782.863812
11.88 17777.435100
12.50 17772.771432
13.13 17768.789083
13.75 17765.420950
14.39 17762.607303
15.02 17760.278797
15.64 17758.360746
16.28 17756.788075
16.94 17755.498768
17.55 17754.439104
18.19 17753.570663
18.80 17752.859146
19.44 17752.277300
20.08 17751.802774
20.72 17751.417133
21.33 17751.105119
21.97 17750.854070
