0.00 19808.507932
0.38 19284.758804
0.76 19126.345028
1.17 19013.351441
1.55 18911.253619
1.94 18817.123435
2.34 18731.192938
2.73 18653.420836
3.13 18583.400227
3.51 18520.555002
3.90 18464.264876
4.30 18413.924336
4.68 18368.966514
5.07 18328.870742
5.48 18293.163005
5.92 18261.413504
6.35 18233.233206
6.76 18208.270219
7.15 18186.206265
7.55 18166.753439
7.94 18149.651280
8.35 18134.664092
8.74 18121.578565
9.13 18110.201639
9.51 18100.358569
9.90 18091.891187
10.31 18084.656361
10.70 18078.524568
11.08 18073.378637
11.49 18069.112602
11.89 18065.630646
12.31 18062.846192
12.71 18060.681016
13.10 18059.064498
13.48 18057.932921
13.89 18057.228807
14.27 18056.900375
