0.00 9201.382577
0.06 9141.172404
0.11 9102.468677
0.17 9076.141017
0.22 9057.363823
0.28 9043.435602
0.33 9032.761125
0.39 9024.350976
0.44 9017.563819
0.50 9011.967771
0.56 9007.262581
0.61 9003.234065
0.67 8999.726286
0.72 8996.623880
0.78 8993.840419
0.83 8991.310493
0.89 8988.984186
0.95 8986.823137
1.00 8984.797669
1.06 8982.884694
1.12 8981.066138
1.17 8979.327774
1.23 8977.658330
1.28 8976.048823
1.34 8974.492043
1.39 8972.982160
1.45 8971.514429
1.51 8970.084952
1.56 8968.690500
1.62 8967.328378
1.67 8965.996313
1.73 8964.692372
1.78 8963.414897
1.84 8962.162448
1.90 8960.933771
1.96 8959.727757
2.01 8958.543422
2.07 8957.379884
2.13 8956.236347
2.19 8955.112089
2.24 8954.006449
2.30 8952.918821
2.36 8951.848642
2.42 8950.795393
2.48 8949.758588
2.53 8948.737773
2.59 8947.732520
2.65 8946.742428
2.70 8945.767117
2.76 8944.806226
2.82 8943.859415
2.87 8942.926357
2.93 8942.006743
2.99 8941.100275
3.04 8940.206671
3.10 8939.325658
3.16 8938.456975
3.22 8937.600370
3.28 8936.755603
3.34 8935.922441
3.40 8935.100657
3.45 8934.290037
3.51 8933.490369
3.57 8932.701451
3.62 8931.923085
3.68 8931.155082
3.74 8930.397256
3.79 8929.649427
3.85 8928.911422
3.91 8928.183069
3.97 8927.464206
4.02 8926.754669
4.09 8926.054304
4.14 8925.362958
4.20 8924.680482
4.25 8924.006731
4.31 8923.341563
4.36 8922.684840
4.42 8922.036427
4.48 8921.396193
4.53 8920.764008
4.59 8920.139746
4.64 8919.523284
4.70 8918.914501
4.75 8918.313279
4.81 8917.719502
4.87 8917.133057
4.92 8916.553832
4.98 8915.981720
5.03 8915.416613
5.09 8914.858407
5.14 8914.306998
5.20 8913.762287
5.26 8913.224176
5.31 8912.692565
5.37 8912.167362
5.43 8911.648473
5.48 8911.135805
5.54 8910.629269
5.60 8910.128777
5.65 8909.634241
5.71 8909.145577
5.77 8908.662700
5.82 8908.185528
5.88 8907.713981
5.93 8907.247978
5.99 8906.787442
6.05 8906.332295
6.10 8905.882462
6.16 8905.437868
6.21 8904.998440
6.27 8904.564107
6.32 8904.134797
6.38 8903.710441
6.43 8903.290970
6.49 8902.876317
6.55 8902.466415
6.60 8902.061199
6.66 8901.660605
6.71 8901.264570
6.77 8900.873030
6.82 8900.485925
6.88 8900.103195
6.93 8899.724779
6.99 8899.350620
7.04 8898.980660
7.10 8898.614841
7.15 8898.253109
7.21 8897.895407
7.27 8897.541683
7.32 8897.191881
7.38 8896.845950
7.43 8896.503838
7.49 8896.165494
7.54 8895.830867
7.60 8895.499907
7.65 8895.172567
7.71 8894.848798
7.76 8894.528552
7.82 8894.211783
7.87 8893.898444
7.93 8893.588491
7.99 8893.281878
8.04 8892.978562
8.10 8892.678499
8.15 8892.381646
8.21 8892.087962
8.26 8891.797403
8.32 8891.509930
8.38 8891.225503
8.43 8890.944080
8.49 8890.665624
8.54 8890.390095
8.60 8890.117455
8.65 8889.847666
8.71 8889.580692
8.77 8889.316496
8.82 8889.055041
8.88 8888.796293
8.95 8888.540217
9.01 8888.286777
9.07 8888.035939
9.13 8887.787671
9.18 8887.541938
9.24 8887.298709
9.30 8887.057951
9.35 8886.819633
9.41 8886.583722
9.47 8886.350188
9.52 8886.119002
9.58 8885.890131
9.64 8885.663548
9.69 8885.439223
9.75 8885.217127
9.81 8884.997232
9.86 8884.779509
9.92 8884.563931
9.98 8884.350471
10.03 8884.139101
10.09 8883.929797
10.14 8883.722530
10.20 8883.517276
10.26 8883.314009
10.31 8883.112703
10.37 8882.913335
10.42 8882.715880
10.48 8882.520313
10.53 8882.326611
10.59 8882.134751
10.64 8881.944709
10.70 8881.756463
10.76 8881.569990
10.81 8881.385268
10.87 8881.202274
10.92 8881.020989
10.98 8880.841389
11.03 8880.663454
11.09 8880.487164
11.14 8880.312498
11.20 8880.139436
11.25 8879.967957
11.31 8879.798043
11.37 8879.629674
11.42 8879.462830
11.48 8879.297493
11.53 8879.133645
11.59 8878.971267
11.64 8878.810340
11.70 8878.650848
11.75 8878.492772
11.81 8878.336094
11.86 8878.180799
11.92 8878.026868
11.98 8877.874286
12.03 8877.723035
12.09 8877.573100
12.14 8877.424464
12.20 8877.277112
12.25 8877.131028
12.31 8876.986196
12.36 8876.842601
12.42 8876.700229
12.47 8876.559064
12.53 8876.419092
12.58 8876.280298
12.64 8876.142669
12.70 8876.006189
12.75 8875.870846
12.81 8875.736626
12.86 8875.603515
12.92 8875.471499
12.97 8875.340566
13.03 8875.210703
13.08 8875.081896
13.14 8874.954134
13.19 8874.827404
13.25 8874.701693
13.31 8874.576989
13.36 8874.453281
13.42 8874.330556
13.47 8874.208803
13.53 8874.088010
13.58 8873.968166
13.64 8873.849260
13.69 8873.731281
13.75 8873.614217
13.81 8873.498058
13.86 8873.382794
13.92 8873.268413
13.97 8873.154906
14.03 8873.042262
14.08 8872.930471
14.14 8872.819523
14.19 8872.709408
14.25 8872.600117
14.31 8872.491640
14.36 8872.383967
14.42 8872.277089
14.47 8872.170997
14.53 8872.065682
14.58 8871.961135
14.64 8871.857347
14.69 8871.754309
14.75 8871.652013
14.80 8871.550449
14.86 8871.449610
14.92 8871.349488
14.97 8871.250073
15.03 8871.151359
15.08 8871.053336
15.14 8870.955998
15.19 8870.859336
15.25 8870.763342
15.31 8870.668010
15.36 8870.573331
15.42 8870.479298
15.48 8870.385904
15.54 8870.293142
15.59 8870.201004
15.65 8870.109483
15.71 8870.018573
15.76 8869.928267
15.82 8869.838557
15.88 8869.749438
15.93 8869.660903
15.99 8869.572944
16.04 8869.485556
16.10 8869.398733
16.15 8869.312467
16.21 8869.226754
16.26 8869.141586
16.32 8869.056958
16.38 8868.972864
16.43 8868.889298
16.49 8868.806254
16.54 8868.723726
16.60 8868.641709
16.65 8868.560197
16.71 8868.479185
16.77 8868.398667
16.82 8868.318638
16.88 8868.239092
16.94 8868.160025
16.99 8868.081430
17.05 8868.003304
17.11 8867.925641
17.16 8867.848435
17.22 8867.771682
17.28 8867.695378
17.33 8867.619517
17.39 8867.544094
17.45 8867.469106
17.50 8867.394547
17.56 8867.320412
17.62 8867.246698
17.67 8867.173399
17.73 8867.100512
17.79 8867.028032
17.84 8866.955954
17.90 8866.884276
17.96 8866.812991
18.01 8866.742097
18.07 8866.671588
18.13 8866.601462
18.19 8866.531714
18.24 8866.462340
18.30 8866.393337
18.36 8866.324700
18.41 8866.256425
18.47 8866.188510
18.53 8866.120949
18.60 8866.053741
18.66 8865.986880
18.72 8865.920364
18.78 8865.854188
18.84 8865.788350
18.89 8865.722847
18.96 8865.657673
19.04 8865.592827
19.09 8865.528305
19.15 8865.464104
19.21 8865.400220
19.27 8865.336651
19.33 8865.273392
19.39 8865.210442
19.44 8865.147797
19.50 8865.085453
19.56 8865.023409
19.62 8864.961660
19.68 8864.900205
19.74 8864.839040
19.80 8864.778162
19.86 8864.717568
19.92 8864.657256
19.98 8864.597224
20.04 8864.537467
20.10 8864.477984
20.16 8864.418772
20.22 8864.359828
20.28 8864.301150
20.35 8864.242735
20.40 8864.184580
20.46 8864.126684
20.52 8864.069043
20.58 8864.011656
20.63 8863.954519
20.69 8863.897631
20.75 8863.840989
20.81 8863.784590
20.87 8863.728433
20.93 8863.672515
20.99 8863.616834
21.05 8863.561388
21.10 8863.506174
21.16 8863.451190
21.22 8863.396435
21.28 8863.341906
21.34 8863.287601
21.39 8863.233517
21.45 8863.179654
21.50 8863.126009
21.56 8863.072579
21.62 8863.019363
21.68 8862.966360
21.73 8862.913566
21.79 8862.860981
21.85 8862.808602
21.91 8862.756427
21.97 8862.704455
22.02 8862.652684
22.08 8862.601112
22.14 8862.549737
22.19 8862.498557
22.25 8862.447571
22.30 8862.396777
22.36 8862.346174
22.41 8862.295759
22.47 8862.245532
22.53 8862.195489
22.58 8862.145631
22.64 8862.095955
22.69 8862.046459
22.75 8861.997142
22.80 8861.948003
22.86 8861.899040
22.92 8861.850252
22.97 8861.801636
23.03 8861.753192
23.09 8861.704918
23.14 8861.656813
23.20 8861.608874
23.26 8861.561102
23.31 8861.513494
23.37 8861.466050
23.43 8861.418767
23.48 8861.371644
23.54 8861.324680
23.59 8861.277874
23.65 8861.231225
23.70 8861.184730
23.76 8861.138390
23.82 8861.092202
23.87 8861.046166
23.93 8861.000279
23.98 8860.954542
24.04 8860.908953
24.09 8860.863509
24.15 8860.818212
24.20 8860.773059
24.26 8860.728048
24.32 8860.683180
24.37 8860.638452
24.43 8860.593865
24.49 8860.549416
24.55 8860.505104
24.60 8860.460929
24.66 8860.416889
24.71 8860.372984
24.77 8860.329212
24.83 8860.285572
24.88 8860.242064
24.94 8860.198686
25.00 8860.155437
25.05 8860.112317
25.11 8860.069324
25.16 8860.026457
25.22 8859.983716
25.28 8859.941099
25.33 8859.898606
25.39 8859.856236
25.44 8859.813987
25.50 8859.771859
25.55 8859.729851
25.61 8859.687962
25.67 8859.646191
25.72 8859.604538
25.78 8859.563001
25.83 8859.521580
25.89 8859.480274
25.94 8859.439082
26.00 8859.398002
26.05 8859.357036
26.11 8859.316180
26.17 8859.275436
26.22 8859.234801
26.28 8859.194276
26.34 8859.153859
26.39 8859.113550
26.45 8859.073348
26.51 8859.033252
26.56 8858.993262
26.62 8858.953376
26.67 8858.913595
26.73 8858.873916
26.79 8858.834341
26.84 8858.794867
26.90 8858.755494
26.96 8858.716222
27.01 8858.677050
27.07 8858.637977
27.12 8858.599003
27.18 8858.560126
27.23 8858.521347
27.29 8858.482665
27.34 8858.444078
27.40 8858.405586
27.46 8858.367190
27.51 8858.328887
27.57 8858.290678
27.62 8858.252562
27.68 8858.214538
27.73 8858.176606
27.79 8858.138765
27.84 8858.101014
27.90 8858.063354
27.96 8858.025782
28.01 8857.988300
28.07 8857.950906
28.12 8857.913600
28.18 8857.876380
28.23 8857.839248
28.29 8857.802201
28.34 8857.765241
28.40 8857.728365
28.46 8857.691573
28.51 8857.654866
28.57 8857.618242
28.63 8857.581701
28.68 8857.545243
28.74 8857.508867
28.79 8857.472572
28.85 8857.436358
28.90 8857.400225
28.96 8857.364172
29.02 8857.328199
29.07 8857.292304
29.13 8857.256489
29.18 8857.220751
29.24 8857.185092
29.29 8857.149509
29.35 8857.114004
29.40 8857.078575
29.46 8857.043222
29.52 8857.007944
29.57 8856.972742
29.63 8856.937614
29.68 8856.902561
29.74 8856.867582
29.79 8856.832676
29.85 8856.797843
29.90 8856.763083
29.96 8856.728395
30.02 8856.693779
30.07 8856.659234
30.13 8856.624760
30.18 8856.590358
30.24 8856.556025
30.29 8856.521762
30.35 8856.487569
30.40 8856.453445
30.46 8856.419390
30.51 8856.385404
30.57 8856.351485
30.62 8856.317634
30.68 8856.283851
30.74 8856.250135
30.79 8856.216485
30.85 8856.182901
30.90 8856.149384
30.96 8856.115932
31.01 8856.082546
31.07 8856.049224
31.12 8856.015967
31.18 8855.982775
31.23 8855.949646
31.29 8855.916581
31.35 8855.883580
31.40 8855.850641
31.46 8855.817765
31.51 8855.784952
31.57 8855.752201
31.63 8855.719511
31.68 8855.686883
31.74 8855.654316
31.80 8855.621810
31.85 8855.589365
31.91 8855.556980
31.97 8855.524655
32.02 8855.492390
32.08 8855.460184
32.14 8855.428037
32.19 8855.395949
32.25 8855.363920
32.30 8855.331949
32.36 8855.300036
32.42 8855.268181
32.47 8855.236383
32.53 8855.204643
32.59 8855.172959
32.64 8855.141333
32.70 8855.109762
32.76 8855.078248
32.81 8855.046790
32.87 8855.015388
32.93 8854.984041
32.98 8854.952749
33.04 8854.921512
33.09 8854.890329
33.15 8854.859202
33.21 8854.828128
33.26 8854.797108
33.32 8854.766142
33.38 8854.735230
33.43 8854.704371
33.49 8854.673565
33.55 8854.642811
33.60 8854.612110
33.66 8854.581462
33.71 8854.550866
33.77 8854.520321
33.83 8854.489828
33.88 8854.459387
33.94 8854.428997
33.99 8854.398657
34.05 8854.368369
34.11 8854.338131
34.16 8854.307944
34.22 8854.277806
34.27 8854.247719
34.33 8854.217681
34.39 8854.187693
34.44 8854.157755
34.50 8854.127865
34.55 8854.098024
34.61 8854.068232
34.67 8854.038489
34.72 8854.008794
34.78 8853.979147
34.84 8853.949548
34.90 8853.919996
34.97 8853.890493
35.03 8853.861036
35.09 8853.831627
35.15 8853.802265
35.21 8853.772950
35.27 8853.743681
35.32 8853.714459
35.38 8853.685283
35.44 8853.656153
35.49 8853.627069
35.55 8853.598031
35.60 8853.569038
35.66 8853.540090
35.71 8853.511188
35.77 8853.482331
35.83 8853.453519
35.88 8853.424752
35.94 8853.396028
36.00 8853.367350
36.05 8853.338715
36.11 8853.310125
36.16 8853.281578
36.22 8853.253076
36.27 8853.224616
36.33 8853.196200
36.39 8853.167827
36.44 8853.139498
36.50 8853.111211
36.56 8853.082967
36.61 8853.054766
36.67 8853.026607
36.73 8852.998490
36.79 8852.970415
36.84 8852.942383
36.90 8852.914392
36.96 8852.886443
37.01 8852.858535
37.07 8852.830669
37.12 8852.802844
37.18 8852.775060
37.23 8852.747317
37.29 8852.719615
37.35 8852.691954
37.40 8852.664333
37.46 8852.636752
37.52 8852.609212
37.57 8852.581712
37.63 8852.554251
37.68 8852.526831
37.74 8852.499450
37.80 8852.472109
37.85 8852.444807
37.91 8852.417545
37.96 8852.390321
38.02 8852.363137
38.07 8852.335992
38.13 8852.308885
38.19 8852.281817
38.24 8852.254788
38.30 8852.227796
38.35 8852.200844
38.41 8852.173929
38.47 8852.147052
38.52 8852.120213
38.58 8852.093412
38.64 8852.066648
38.70 8852.039922
38.76 8852.013234
38.82 8851.986582
38.88 8851.959968
38.94 8851.933391
39.00 8851.906850
39.06 8851.880347
39.12 8851.853880
39.17 8851.827449
39.23 8851.801055
39.28 8851.774698
39.34 8851.748376
39.39 8851.722091
39.45 8851.695841
39.51 8851.669628
39.56 8851.643450
39.62 8851.617308
39.67 8851.591201
39.73 8851.565130
39.78 8851.539094
39.84 8851.513093
39.89 8851.487128
39.95 8851.461197
40.00 8851.435301
40.06 8851.409440
40.12 8851.383614
40.17 8851.357822
40.23 8851.332064
40.28 8851.306341
40.34 8851.280652
40.39 8851.254998
40.45 8851.229377
40.50 8851.203790
40.56 8851.178237
40.62 8851.152718
40.67 8851.127232
40.73 8851.101780
40.78 8851.076362
40.84 8851.050976
40.89 8851.025624
40.95 8851.000305
41.00 8850.975019
41.06 8850.949766
41.11 8850.924546
41.17 8850.899359
41.23 8850.874204
41.28 8850.849082
41.34 8850.823992
41.39 8850.798935
41.45 8850.773910
41.50 8850.748917
41.57 8850.723956
41.64 8850.699027
41.69 8850.674130
41.75 8850.649265
41.81 8850.624432
41.86 8850.599630
41.92 8850.574860
41.97 8850.550121
42.03 8850.525414
42.08 8850.500738
42.14 8850.476093
42.20 8850.451479
42.26 8850.426897
42.31 8850.402345
42.37 8850.377824
42.42 8850.353333
42.48 8850.328874
42.53 8850.304445
42.59 8850.280047
42.65 8850.255678
42.70 8850.231341
42.76 8850.207033
42.81 8850.182756
42.87 8850.158509
42.92 8850.134292
42.98 8850.110104
43.03 8850.085947
43.09 8850.061819
43.15 8850.037721
43.20 8850.013653
43.26 8849.989614
43.31 8849.965605
43.37 8849.941625
43.42 8849.917674
43.48 8849.893753
43.53 8849.869860
43.59 8849.845997
43.64 8849.822163
43.70 8849.798357
43.76 8849.774581
43.81 8849.750833
43.87 8849.727114
43.92 8849.703423
43.98 8849.679761
44.03 8849.656128
44.09 8849.632522
44.14 8849.608945
44.20 8849.585397
44.25 8849.561876
44.31 8849.538384
44.36 8849.514919
44.42 8849.491483
44.48 8849.468074
44.53 8849.444693
44.59 8849.421340
44.64 8849.398015
44.70 8849.374717
44.75 8849.351447
44.81 8849.328204
44.86 8849.304988
44.92 8849.281800
44.97 8849.258639
45.03 8849.235505
45.09 8849.212398
45.14 8849.189318
45.20 8849.166266
45.25 8849.143240
45.31 8849.120241
45.36 8849.097269
45.42 8849.074323
45.47 8849.051404
45.53 8849.028512
45.59 8849.005646
45.64 8848.982806
45.70 8848.959993
45.75 8848.937206
45.81 8848.914446
45.87 8848.891711
45.92 8848.869003
45.98 8848.846321
46.03 8848.823665
46.09 8848.801034
46.15 8848.778430
46.20 8848.755851
46.26 8848.733298
46.32 8848.710771
46.37 8848.688269
46.43 8848.665793
46.48 8848.643342
46.54 8848.620917
46.60 8848.598517
46.65 8848.576142
46.71 8848.553793
46.76 8848.531468
46.82 8848.509169
46.87 8848.486895
46.93 8848.464646
46.98 8848.442422
47.04 8848.420223
47.10 8848.398048
47.15 8848.375899
47.21 8848.353774
47.26 8848.331673
47.32 8848.309598
47.37 8848.287546
47.43 8848.265520
47.49 8848.243517
47.54 8848.221539
47.60 8848.199586
47.65 8848.177656
47.71 8848.155751
47.76 8848.133870
47.82 8848.112013
47.87 8848.090180
47.93 8848.068371
47.99 8848.046585
48.04 8848.024824
48.10 8848.003087
48.15 8847.981373
48.21 8847.959683
48.26 8847.938016
48.32 8847.916373
48.37 8847.894754
48.43 8847.873158
48.49 8847.851586
48.54 8847.830037
48.60 8847.808511
48.65 8847.787008
48.71 8847.765529
48.76 8847.744073
48.82 8847.722640
48.87 8847.701230
48.93 8847.679843
48.98 8847.658479
49.04 8847.637138
49.10 8847.615819
49.15 8847.594524
49.21 8847.573251
49.26 8847.552001
49.32 8847.530774
49.37 8847.509569
49.43 8847.488387
49.49 8847.467227
49.54 8847.446089
49.60 8847.424974
49.65 8847.403882
49.71 8847.382812
49.76 8847.361763
49.82 8847.340738
49.87 8847.319734
49.93 8847.298752
49.99 8847.277793
50.05 8847.256855
50.10 8847.235939
50.16 8847.215046
50.21 8847.194174
50.27 8847.173324
50.33 8847.152496
50.38 8847.131689
50.44 8847.110904
50.49 8847.090141
50.55 8847.069399
50.61 8847.048679
50.66 8847.027981
50.72 8847.007303
50.77 8846.986648
50.83 8846.966013
50.88 8846.945400
50.94 8846.924808
50.99 8846.904237
51.05 8846.883688
51.11 8846.863159
51.16 8846.842652
51.22 8846.822166
51.27 8846.801701
51.33 8846.781256
51.38 8846.760833
51.44 8846.740430
51.50 8846.720048
51.55 8846.699687
51.61 8846.679347
51.67 8846.659028
51.73 8846.638729
51.78 8846.618450
51.84 8846.598192
51.89 8846.577955
51.95 8846.557738
52.00 8846.537542
52.06 8846.517366
52.12 8846.497210
52.17 8846.477075
52.23 8846.456960
52.28 8846.436865
52.34 8846.416790
52.39 8846.396735
52.45 8846.376701
52.50 8846.356687
52.56 8846.336692
52.61 8846.316718
52.67 8846.296763
52.73 8846.276828
52.78 8846.256913
52.84 8846.237018
52.89 8846.217143
52.95 8846.197288
53.00 8846.177452
53.06 8846.157636
53.12 8846.137839
53.17 8846.118062
53.23 8846.098304
53.28 8846.078566
53.34 8846.058848
53.39 8846.039149
53.45 8846.019469
53.50 8845.999808
53.56 8845.980167
53.62 8845.960545
53.67 8845.940943
53.73 8845.921359
53.78 8845.901795
53.84 8845.882249
53.89 8845.862723
53.95 8845.843216
54.00 8845.823728
54.06 8845.804259
54.11 8845.784808
54.17 8845.765377
54.23 8845.745964
54.28 8845.726570
54.34 8845.707195
54.39 8845.687839
54.45 8845.668501
54.50 8845.649182
54.56 8845.629882
54.61 8845.610600
54.67 8845.591337
54.72 8845.572092
54.78 8845.552866
54.84 8845.533658
54.89 8845.514468
54.95 8845.495297
55.00 8845.476145
55.06 8845.457010
55.11 8845.437894
55.17 8845.418796
55.22 8845.399716
55.28 8845.380655
55.33 8845.361611
55.39 8845.342586
55.45 8845.323578
55.50 8845.304589
55.56 8845.285618
55.61 8845.266664
55.67 8845.247729
55.72 8845.228811
55.78 8845.209911
55.83 8845.191029
55.89 8845.172165
55.94 8845.153319
56.00 8845.134490
56.06 8845.115679
56.11 8845.096885
56.17 8845.078109
56.22 8845.059351
