0.00 9201.382577
0.55 8573.885523
1.11 8513.110383
1.66 8483.478371
2.23 8461.680526
2.77 8452.380448
3.30 8444.334889
3.84 8437.457586
4.41 8431.777271
4.95 8426.899991
5.49 8422.976948
6.03 8419.534408
6.56 8416.676366
7.12 8414.022995
7.66 8411.774304
8.23 8409.607181
8.76 8407.864189
9.32 8405.950298
9.88 8404.248866
10.41 8402.824616
10.95 8401.287257
11.51 8399.848110
12.05 8398.631911
12.58 8397.347626
13.12 8396.044878
13.69 8394.881946
14.22 8393.777528
14.79 8392.717510
15.34 8391.909703
15.91 8390.863424
16.46 8389.859433
