0.00 9201.382577
0.32 8916.082422
0.65 8784.083010
0.98 8710.605068
1.34 8661.592354
1.69 8626.053003
2.05 8599.277500
2.38 8578.682495
2.71 8562.624398
3.04 8549.970943
3.36 8539.908839
3.71 8531.839472
4.04 8525.315125
4.36 8519.997358
4.70 8515.628359
5.03 8512.010508
5.36 8508.991488
5.69 8506.453274
6.05 8504.303931
6.38 8502.471450
6.71 8500.899108
7.06 8499.541951
7.38 8498.364125
7.71 8497.336845
8.04 8496.436835
8.36 8495.645146
8.69 8494.946232
9.02 8494.327251
9.35 8493.777511
9.68 8493.288052
