0.00 1415.919027
0.23 1415.395447
0.46 1414.877840
0.69 1414.366120
0.92 1413.860203
1.15 1413.360007
1.38 1412.865450
1.61 1412.376452
1.84 1411.892933
2.07 1411.414816
2.30 1410.942025
2.52 1410.474483
2.75 1410.012117
2.98 1409.554855
3.21 1409.102622
3.44 1408.655350
3.67 1408.212968
3.90 1407.775408
4.13 1407.342602
4.35 1406.914483
4.58 1406.490987
4.81 1406.072048
5.04 1405.657602
5.27 1405.247588
5.50 1404.841944
5.73 1404.440609
5.95 1404.043523
6.18 1403.650628
6.41 1403.261866
6.64 1402.877179
6.87 1402.496512
7.10 1402.119809
7.32 1401.747015
7.55 1401.378078
7.78 1401.012943
8.01 1400.651560
8.24 1400.293877
8.47 1399.939844
8.69 1399.589410
8.92 1399.242526
9.15 1398.899146
9.38 1398.559220
9.61 1398.222703
9.84 1397.889548
10.06 1397.559710
10.29 1397.233144
10.52 1396.909806
10.75 1396.589653
10.98 1396.272641
11.21 1395.958730
11.44 1395.647877
11.66 1395.340041
11.89 1395.035183
12.12 1394.733262
12.35 1394.434240
12.58 1394.138079
12.81 1393.844739
13.03 1393.554184
13.26 1393.266378
13.49 1392.981283
13.72 1392.698864
13.95 1392.419086
14.18 1392.141915
14.40 1391.867315
14.63 1391.595254
14.86 1391.325698
15.09 1391.058614
15.32 1390.793971
15.55 1390.531737
15.78 1390.271879
16.00 1390.014369
16.23 1389.759174
16.46 1389.506265
16.69 1389.255614
16.92 1389.007189
17.15 1388.760964
17.38 1388.516909
17.61 1388.274998
17.84 1388.035202
18.07 1387.797494
18.29 1387.561848
18.52 1387.328238
18.75 1387.096637
18.98 1386.867020
19.21 1386.639363
19.44 1386.413639
19.67 1386.189826
19.90 1385.967898
20.13 1385.747832
20.35 1385.529605
20.58 1385.313193
20.81 1385.098574
21.04 1384.885726
21.27 1384.674625
21.50 1384.465252
21.73 1384.257583
21.95 1384.051598
22.18 1383.847276
22.41 1383.644596
22.64 1383.443539
22.87 1383.244083
23.10 1383.046210
23.32 1382.849900
23.55 1382.655134
23.78 1382.461893
24.01 1382.270157
24.24 1382.079910
24.47 1381.891132
24.70 1381.703806
24.92 1381.517915
25.15 1381.333440
25.38 1381.150365
25.61 1380.968672
25.84 1380.788346
26.07 1380.609369
26.29 1380.431726
26.52 1380.255401
26.75 1380.080377
26.98 1379.906640
27.21 1379.734173
27.44 1379.562962
27.66 1379.392992
27.89 1379.224248
28.12 1379.056715
28.35 1378.890380
28.58 1378.725228
28.80 1378.561246
29.03 1378.398418
29.26 1378.236733
29.49 1378.076177
29.72 1377.916735
29.95 1377.758397
30.17 1377.601148
30.40 1377.444975
30.63 1377.289868
30.86 1377.135812
31.09 1376.982796
31.32 1376.830809
31.55 1376.679837
31.79 1376.529870
32.02 1376.380896
32.26 1376.232904
32.50 1376.085882
32.74 1375.939820
32.99 1375.794706
33.22 1375.650529
33.46 1375.507280
33.70 1375.364947
33.94 1375.223521
34.18 1375.082990
34.41 1374.943346
34.65 1374.804577
34.89 1374.666675
35.13 1374.529629
35.37 1374.393431
35.61 1374.258069
35.84 1374.123536
36.08 1373.989822
36.32 1373.856919
36.56 1373.724816
36.80 1373.593505
37.03 1373.462978
37.27 1373.333226
37.51 1373.204240
37.75 1373.076012
37.99 1372.948535
38.22 1372.821798
38.46 1372.695795
38.70 1372.570518
38.93 1372.445959
39.17 1372.322109
39.40 1372.198962
39.64 1372.076510
39.88 1371.954745
40.12 1371.833660
40.36 1371.713248
40.59 1371.593501
40.83 1371.474412
41.07 1371.355975
41.31 1371.238183
41.54 1371.121028
41.77 1371.004505
42.01 1370.888605
42.25 1370.773324
42.48 1370.658654
42.72 1370.544588
42.95 1370.431121
43.19 1370.318247
43.43 1370.205959
43.66 1370.094251
43.90 1369.983116
44.13 1369.872551
44.37 1369.762547
44.60 1369.653100
44.84 1369.544204
45.08 1369.435853
45.31 1369.328041
45.54 1369.220764
45.78 1369.114015
46.02 1369.007790
46.26 1368.902082
46.48 1368.796888
46.72 1368.692201
46.96 1368.588016
47.20 1368.484329
47.43 1368.381134
47.66 1368.278427
47.90 1368.176203
48.14 1368.074456
48.38 1367.973183
48.62 1367.872378
48.85 1367.772037
49.08 1367.672155
49.32 1367.572728
49.56 1367.473751
49.79 1367.375220
50.02 1367.277130
50.26 1367.179478
50.50 1367.082259
50.73 1366.985468
50.97 1366.889102
51.20 1366.793157
51.44 1366.697628
51.67 1366.602511
51.91 1366.507803
52.15 1366.413500
52.38 1366.319597
52.62 1366.226092
52.85 1366.132979
53.09 1366.040256
53.33 1365.947919
53.56 1365.855964
53.79 1365.764387
54.03 1365.673185
54.27 1365.582355
54.50 1365.491893
54.73 1365.401796
54.97 1365.312059
55.21 1365.222681
55.44 1365.133657
55.68 1365.044984
55.91 1364.956660
56.15 1364.868680
56.38 1364.781042
56.62 1364.693743
56.86 1364.606779
57.09 1364.520148
57.32 1364.433846
57.56 1364.347870
57.80 1364.262219
58.04 1364.176887
58.26 1364.091874
58.50 1364.007175
58.74 1363.922789
58.98 1363.838712
59.22 1363.754941
59.45 1363.671475
59.69 1363.588310
59.93 1363.505443
60.17 1363.422872
60.41 1363.340594
60.64 1363.258607
60.88 1363.176909
61.12 1363.095496
61.36 1363.014366
61.60 1362.933518
61.83 1362.852947
62.08 1362.772653
62.32 1362.692632
62.56 1362.612883
62.80 1362.533402
63.03 1362.454189
63.27 1362.375239
63.51 1362.296552
63.75 1362.218125
63.99 1362.139956
64.22 1362.062042
64.45 1361.984382
64.69 1361.906973
64.93 1361.829814
65.17 1361.752901
65.41 1361.676234
65.64 1361.599810
65.88 1361.523627
66.12 1361.447684
66.36 1361.371977
66.60 1361.296506
66.83 1361.221268
67.07 1361.146262
67.31 1361.071485
67.55 1360.996936
67.78 1360.922613
68.01 1360.848514
68.25 1360.774637
68.49 1360.700981
68.73 1360.627544
68.96 1360.554323
69.19 1360.481318
69.43 1360.408527
69.66 1360.335947
69.90 1360.263578
70.14 1360.191417
70.37 1360.119464
70.60 1360.047716
70.84 1359.976171
71.08 1359.904829
71.31 1359.833687
71.54 1359.762745
71.78 1359.692000
72.02 1359.621452
72.25 1359.551097
72.49 1359.480936
72.72 1359.410967
72.96 1359.341188
73.19 1359.271597
73.43 1359.202194
73.66 1359.132977
73.89 1359.063945
74.13 1358.995095
74.37 1358.926428
74.60 1358.857941
74.84 1358.789633
75.07 1358.721503
75.31 1358.653549
75.54 1358.585771
75.78 1358.518166
76.02 1358.450735
76.25 1358.383475
76.49 1358.316384
76.73 1358.249463
76.96 1358.182710
77.20 1358.116123
77.43 1358.049702
77.67 1357.983445
77.90 1357.917351
78.14 1357.851418
78.38 1357.785647
78.61 1357.720035
78.84 1357.654581
79.08 1357.589285
79.32 1357.524145
79.55 1357.459161
79.78 1357.394330
80.02 1357.329653
80.26 1357.265127
80.50 1357.200753
80.74 1357.136528
80.97 1357.072453
81.20 1357.008525
81.44 1356.944744
81.68 1356.881109
81.92 1356.817619
82.15 1356.754273
82.39 1356.691070
82.62 1356.628009
82.85 1356.565089
83.08 1356.502309
83.31 1356.439669
83.54 1356.377167
83.77 1356.314802
84.00 1356.252573
84.22 1356.190481
84.45 1356.128523
84.68 1356.066698
84.91 1356.005007
85.13 1355.943448
85.36 1355.882020
85.59 1355.820723
85.82 1355.759555
86.05 1355.698516
86.28 1355.637605
86.50 1355.576822
86.73 1355.516164
86.96 1355.455632
87.19 1355.395225
87.42 1355.334942
87.65 1355.274782
87.87 1355.214745
88.10 1355.154829
88.33 1355.095035
88.56 1355.035360
88.79 1354.975805
89.02 1354.916369
89.25 1354.857051
89.47 1354.797850
89.70 1354.738766
89.93 1354.679797
90.16 1354.620944
90.39 1354.562206
90.62 1354.503581
90.85 1354.445069
91.08 1354.386670
91.30 1354.328383
91.53 1354.270207
91.76 1354.212141
91.99 1354.154186
92.23 1354.096339
92.46 1354.038601
92.70 1353.980971
92.94 1353.923449
93.18 1353.866033
93.42 1353.808723
93.65 1353.751519
93.89 1353.694420
94.13 1353.637425
94.37 1353.580534
94.61 1353.523745
94.84 1353.467060
95.08 1353.410476
95.31 1353.353994
95.55 1353.297613
95.79 1353.241332
96.02 1353.185151
96.26 1353.129069
96.49 1353.073085
96.73 1353.017200
96.97 1352.961412
97.20 1352.905722
97.43 1352.850127
97.67 1352.794629
97.91 1352.739226
98.15 1352.683919
98.37 1352.628705
98.61 1352.573586
98.85 1352.518560
99.09 1352.463627
99.32 1352.408787
99.55 1352.354038
99.79 1352.299381
100.03 1352.244815
100.26 1352.190340
100.50 1352.135955
100.73 1352.081659
100.97 1352.027452
101.20 1351.973334
101.44 1351.919305
101.68 1351.865363
101.91 1351.811508
102.14 1351.757741
102.38 1351.704059
102.62 1351.650464
102.86 1351.596955
103.08 1351.543530
103.32 1351.490191
103.56 1351.436935
103.80 1351.383764
104.03 1351.330676
104.26 1351.277671
104.50 1351.224749
104.74 1351.171909
104.98 1351.119151
105.22 1351.066474
105.45 1351.013879
105.69 1350.961364
105.92 1350.908929
106.16 1350.856574
106.40 1350.804299
106.63 1350.752103
106.87 1350.699986
107.10 1350.647947
107.34 1350.595986
107.58 1350.544103
107.81 1350.492297
108.05 1350.440568
108.29 1350.388916
108.52 1350.337340
108.76 1350.285839
108.99 1350.234415
109.23 1350.183065
109.47 1350.131790
109.70 1350.080590
109.94 1350.029464
110.17 1349.978412
110.41 1349.927433
110.65 1349.876527
110.88 1349.825694
111.12 1349.774934
111.35 1349.724246
111.59 1349.673629
111.83 1349.623085
112.06 1349.572611
112.30 1349.522209
112.53 1349.471876
112.77 1349.421615
113.01 1349.371423
113.25 1349.321301
113.49 1349.271248
113.72 1349.221264
113.96 1349.171350
114.20 1349.121503
114.45 1349.071725
114.69 1349.022015
114.92 1348.972372
115.16 1348.922797
115.40 1348.873288
115.64 1348.823847
115.88 1348.774472
116.13 1348.725163
116.35 1348.675920
116.59 1348.626743
116.83 1348.577631
117.07 1348.528584
117.31 1348.479602
117.54 1348.430685
117.78 1348.381832
118.02 1348.333043
118.26 1348.284318
118.51 1348.235656
118.74 1348.187058
118.98 1348.138523
119.21 1348.090050
119.45 1348.041640
119.69 1347.993292
119.93 1347.945007
120.16 1347.896783
120.40 1347.848620
120.64 1347.800519
120.88 1347.752479
121.11 1347.704500
121.35 1347.656582
121.59 1347.608723
121.83 1347.560925
122.07 1347.513187
122.30 1347.465508
122.53 1347.417889
122.77 1347.370329
123.01 1347.322828
123.24 1347.275386
123.48 1347.228003
123.71 1347.180677
123.94 1347.133410
124.18 1347.086200
124.42 1347.039049
124.65 1346.991954
124.88 1346.944917
125.12 1346.897937
125.36 1346.851014
125.59 1346.804147
125.83 1346.757337
126.06 1346.710583
126.29 1346.663885
126.53 1346.617242
126.77 1346.570656
127.01 1346.524124
127.23 1346.477648
127.47 1346.431227
127.71 1346.384860
127.95 1346.338548
128.17 1346.292291
128.40 1346.246087
128.63 1346.199938
128.86 1346.153843
129.09 1346.107801
129.31 1346.061812
129.54 1346.015877
129.77 1345.969995
130.00 1345.924166
130.23 1345.878389
130.46 1345.832665
130.68 1345.786993
130.91 1345.741374
131.14 1345.695806
131.37 1345.650291
131.60 1345.604826
131.83 1345.559414
132.05 1345.514052
132.28 1345.468742
132.51 1345.423483
132.74 1345.378274
132.97 1345.333116
133.19 1345.288008
133.42 1345.242951
133.65 1345.197944
133.88 1345.152986
134.11 1345.108079
134.34 1345.063221
134.57 1345.018412
134.80 1344.973653
135.03 1344.928943
135.26 1344.884281
135.48 1344.839669
135.71 1344.795105
135.94 1344.750590
136.17 1344.706123
136.40 1344.661704
136.63 1344.617333
136.85 1344.573010
137.08 1344.528735
137.31 1344.484507
137.54 1344.440327
137.77 1344.396194
137.99 1344.352108
138.22 1344.308069
138.45 1344.264077
138.67 1344.220132
138.90 1344.176233
139.13 1344.132380
139.36 1344.088574
139.58 1344.044814
139.81 1344.001100
140.04 1343.957431
140.27 1343.913809
140.49 1343.870231
140.72 1343.826700
140.95 1343.783213
141.17 1343.739772
141.40 1343.696375
141.63 1343.653024
141.86 1343.609717
142.08 1343.566455
142.31 1343.523237
142.54 1343.480063
142.77 1343.436934
143.00 1343.393849
143.23 1343.350808
143.47 1343.307810
143.70 1343.264857
143.93 1343.221946
144.16 1343.179079
144.39 1343.136256
144.62 1343.093476
144.85 1343.050738
145.07 1343.008044
145.30 1342.965392
145.53 1342.922783
145.76 1342.880217
145.99 1342.837693
146.22 1342.795211
146.45 1342.752772
146.68 1342.710375
146.91 1342.668019
147.13 1342.625706
147.36 1342.583434
147.59 1342.541204
147.82 1342.499015
148.05 1342.456867
148.28 1342.414761
148.51 1342.372696
148.73 1342.330672
148.96 1342.288689
149.19 1342.246747
149.42 1342.204845
149.65 1342.162984
149.87 1342.121164
150.10 1342.079383
150.33 1342.037643
150.56 1341.995944
150.79 1341.954284
151.02 1341.912664
151.25 1341.871084
151.47 1341.829544
151.70 1341.788043
151.93 1341.746582
152.16 1341.705160
152.39 1341.663777
152.62 1341.622434
152.84 1341.581129
153.07 1341.539864
153.30 1341.498637
153.53 1341.457450
153.76 1341.416301
153.98 1341.375190
154.21 1341.334118
154.44 1341.293084
154.67 1341.252089
154.89 1341.211132
155.12 1341.170213
155.35 1341.129331
155.58 1341.088488
155.81 1341.047682
156.03 1341.006915
156.26 1340.966184
156.49 1340.925491
156.72 1340.884836
156.95 1340.844218
157.18 1340.803637
157.40 1340.763093
157.63 1340.722586
157.86 1340.682116
158.09 1340.641683
158.32 1340.601287
158.55 1340.560927
158.77 1340.520604
159.00 1340.480318
159.23 1340.440067
159.46 1340.399853
159.69 1340.359675
159.91 1340.319534
160.14 1340.279428
160.37 1340.239358
160.60 1340.199324
160.83 1340.159326
161.06 1340.119364
161.28 1340.079437
161.51 1340.039545
161.74 1339.999689
161.97 1339.959869
162.20 1339.920083
162.43 1339.880333
162.65 1339.840618
162.88 1339.800937
163.11 1339.761292
163.34 1339.721682
163.57 1339.682106
163.80 1339.642565
164.03 1339.603058
164.25 1339.563586
164.48 1339.524148
164.71 1339.484745
164.94 1339.445376
165.17 1339.406041
165.39 1339.366740
165.62 1339.327473
165.85 1339.288240
166.08 1339.249041
166.31 1339.209876
166.54 1339.170744
166.76 1339.131646
166.99 1339.092582
167.22 1339.053551
167.45 1339.014553
167.68 1338.975589
167.91 1338.936658
168.13 1338.897760
168.36 1338.858895
168.59 1338.820063
168.82 1338.781265
169.05 1338.742499
169.28 1338.703765
169.51 1338.665065
169.73 1338.626397
169.96 1338.587762
170.19 1338.549159
170.42 1338.510588
170.65 1338.472050
170.87 1338.433545
171.10 1338.395071
171.33 1338.356630
171.56 1338.318220
171.79 1338.279843
172.02 1338.241497
172.24 1338.203184
172.47 1338.164902
172.70 1338.126652
172.93 1338.088433
173.16 1338.050246
173.39 1338.012091
173.61 1337.973967
173.84 1337.935874
174.07 1337.897813
174.30 1337.859783
174.53 1337.821784
174.75 1337.783816
174.98 1337.745879
175.21 1337.707974
175.44 1337.670099
175.67 1337.632255
175.90 1337.594441
176.13 1337.556659
176.35 1337.518907
176.58 1337.481185
176.81 1337.443494
177.04 1337.405834
177.27 1337.368204
177.50 1337.330604
177.72 1337.293035
177.95 1337.255495
178.18 1337.217986
178.41 1337.180507
178.64 1337.143058
178.87 1337.105639
179.09 1337.068249
179.32 1337.030890
179.55 1336.993560
179.78 1336.956260
180.01 1336.918990
180.24 1336.881749
180.46 1336.844538
180.69 1336.807356
180.92 1336.770203
181.15 1336.733080
181.38 1336.695986
181.60 1336.658921
181.83 1336.621886
182.06 1336.584879
182.29 1336.547902
182.52 1336.510954
182.74 1336.474034
182.97 1336.437143
183.20 1336.400282
183.43 1336.363448
183.66 1336.326644
183.88 1336.289868
184.11 1336.253121
184.34 1336.216402
184.57 1336.179712
184.80 1336.143050
185.02 1336.106417
185.25 1336.069811
185.48 1336.033234
185.71 1335.996686
185.94 1335.960165
186.16 1335.923672
186.39 1335.887208
186.62 1335.850771
186.85 1335.814362
187.08 1335.777981
187.31 1335.741628
187.53 1335.705303
187.76 1335.669005
187.99 1335.632735
188.22 1335.596493
188.45 1335.560278
188.68 1335.524090
188.90 1335.487930
189.13 1335.451797
189.36 1335.415692
189.59 1335.379614
189.82 1335.343563
190.04 1335.307539
190.27 1335.271543
190.50 1335.235573
190.73 1335.199631
190.96 1335.163715
191.19 1335.127826
191.42 1335.091965
191.65 1335.056129
191.88 1335.020321
192.10 1334.984540
192.33 1334.948785
192.56 1334.913056
192.79 1334.877355
193.02 1334.841679
193.25 1334.806030
193.47 1334.770408
193.70 1334.734812
193.93 1334.699242
194.16 1334.663699
194.39 1334.628181
194.61 1334.592690
194.84 1334.557225
195.07 1334.521786
195.30 1334.486373
195.53 1334.450986
195.75 1334.415625
195.98 1334.380290
196.21 1334.344981
196.44 1334.309697
196.67 1334.274439
196.89 1334.239207
197.12 1334.204001
197.35 1334.168820
197.58 1334.133665
197.81 1334.098535
198.04 1334.063430
198.26 1334.028351
198.49 1333.993298
198.72 1333.958269
198.95 1333.923266
199.18 1333.888288
199.40 1333.853336
199.63 1333.818408
199.86 1333.783506
200.09 1333.748629
200.32 1333.713776
200.55 1333.678949
200.77 1333.644146
201.00 1333.609369
201.23 1333.574616
201.46 1333.539888
201.69 1333.505185
201.91 1333.470506
202.14 1333.435853
202.37 1333.401223
202.60 1333.366619
202.83 1333.332038
203.06 1333.297483
203.28 1333.262951
203.51 1333.228445
203.74 1333.193962
203.97 1333.159504
204.20 1333.125070
204.43 1333.090660
204.65 1333.056275
204.88 1333.021914
205.11 1332.987576
205.34 1332.953263
205.56 1332.918974
205.79 1332.884709
206.02 1332.850468
206.25 1332.816250
206.48 1332.782057
206.71 1332.747887
206.94 1332.713741
207.16 1332.679619
207.39 1332.645521
207.62 1332.611446
207.85 1332.577395
208.08 1332.543367
208.30 1332.509363
208.53 1332.475383
208.76 1332.441426
208.99 1332.407492
209.22 1332.373582
209.44 1332.339695
209.67 1332.305831
209.90 1332.271991
210.13 1332.238174
210.36 1332.204380
210.59 1332.170609
210.81 1332.136861
211.04 1332.103137
211.27 1332.069435
211.50 1332.035757
211.73 1332.002101
211.95 1331.968468
212.18 1331.934858
212.41 1331.901271
212.64 1331.867707
212.87 1331.834166
213.09 1331.800647
213.32 1331.767151
213.55 1331.733678
213.78 1331.700227
214.01 1331.666799
214.24 1331.633394
214.46 1331.600011
214.69 1331.566650
214.92 1331.533312
215.15 1331.499996
215.38 1331.466703
215.60 1331.433432
215.83 1331.400183
216.06 1331.366957
216.29 1331.333752
216.52 1331.300570
216.75 1331.267411
216.97 1331.234273
217.20 1331.201157
217.43 1331.168063
217.66 1331.134992
217.89 1331.101942
218.12 1331.068914
218.34 1331.035909
218.57 1331.002925
218.80 1330.969963
219.03 1330.937022
219.26 1330.904104
219.48 1330.871207
219.72 1330.838332
219.94 1330.805479
220.17 1330.772647
220.40 1330.739837
220.63 1330.707048
220.86 1330.674281
221.09 1330.641536
221.32 1330.608812
221.55 1330.576109
221.78 1330.543428
222.00 1330.510768
222.23 1330.478129
222.46 1330.445512
222.69 1330.412916
222.92 1330.380341
223.15 1330.347788
223.38 1330.315255
223.61 1330.282744
223.83 1330.250254
224.06 1330.217785
224.29 1330.185337
224.52 1330.152910
224.75 1330.120504
224.98 1330.088119
225.21 1330.055755
225.43 1330.023411
225.66 1329.991089
225.89 1329.958787
226.12 1329.926507
226.35 1329.894246
226.58 1329.862007
226.81 1329.829789
227.03 1329.797591
227.26 1329.765413
227.49 1329.733256
227.72 1329.701120
227.95 1329.669005
228.17 1329.636909
228.40 1329.604835
228.63 1329.572781
228.86 1329.540747
229.09 1329.508733
229.32 1329.476740
229.54 1329.444768
229.77 1329.412815
230.00 1329.380883
230.23 1329.348971
230.46 1329.317080
230.68 1329.285208
230.91 1329.253357
231.14 1329.221525
231.37 1329.189714
