0.00 1415.919027
3.57 1240.698348
7.10 1219.480094
10.62 1212.881613
14.12 1207.944657
17.62 1203.638298
20.99 1199.856523
24.51 1196.661476
27.79 1193.972796
31.31 1191.706179
34.69 1189.785397
38.21 1188.157716
41.53 1186.772015
45.05 1185.588974
48.57 1184.575559
52.08 1183.705952
55.59 1182.957197
59.07 1182.311429
62.44 1181.753763
65.83 1181.271651
69.20 1180.854461
72.73 1180.493141
76.26 1180.179930
79.79 1179.908112
83.30 1179.671842
86.80 1179.466034
90.31 1179.286287
93.81 1179.128866
97.35 1178.990612
100.85 1178.868758
104.36 1178.761726
107.88 1178.668735
111.39 1178.590411
