0.00 1415.919027
2.18 1295.049179
4.37 1255.345644
6.54 1240.044244
8.75 1232.816666
10.94 1229.225926
13.16 1227.394915
15.35 1226.439982
17.54 1225.934787
19.74 1225.665852
21.92 1225.523030
24.10 1225.448291
26.29 1225.410436
28.47 1225.392433
30.66 1225.384940
32.84 1225.382838
35.03 1225.382328
37.22 1225.380693
39.41 1225.378705
41.59 1225.376744
43.78 1225.374980
45.96 1225.373470
48.13 1225.372216
50.32 1225.371196
52.52 1225.370377
54.70 1225.369726
56.89 1225.369212
59.09 1225.368808
61.27 1225.368491
63.46 1225.368244
65.67 1225.368052
