0.00 5932.205681
0.22 5928.925783
0.45 5925.785464
0.69 5922.775001
0.92 5919.885537
1.14 5917.108987
1.36 5914.437970
1.59 5911.865734
1.81 5909.386096
2.03 5906.993385
2.25 5904.682396
2.48 5902.448342
2.72 5900.286815
2.95 5898.193754
3.18 5896.165407
3.41 5894.198308
3.64 5892.289249
3.86 5890.435256
4.09 5888.633568
4.32 5886.881621
4.55 5885.177028
4.77 5883.517568
5.00 5881.901162
5.23 5880.325877
5.45 5878.789898
5.68 5877.291530
5.90 5875.829181
6.12 5874.401359
6.34 5873.006660
6.57 5871.643763
6.81 5870.311426
7.03 5869.008476
7.26 5867.733806
7.49 5866.486371
7.72 5865.265181
7.95 5864.069300
8.17 5862.897839
8.39 5861.749958
8.62 5860.624856
8.85 5859.521773
9.07 5858.439988
9.29 5857.378811
9.51 5856.337587
9.74 5855.315692
9.96 5854.312526
10.19 5853.327524
10.41 5852.360137
10.64 5851.409848
10.88 5850.476155
11.11 5849.558583
11.34 5848.656675
11.57 5847.769992
11.79 5846.898113
12.01 5846.040633
12.23 5845.197165
12.45 5844.367337
12.67 5843.550789
12.89 5842.747176
13.11 5841.956166
13.33 5841.177440
13.55 5840.410689
13.77 5839.655616
14.00 5838.911934
14.22 5838.179368
14.43 5837.457651
14.66 5836.746524
14.88 5836.045738
15.10 5835.355053
15.32 5834.674238
15.54 5834.003067
15.76 5833.341320
15.99 5832.688790
16.21 5832.045272
16.43 5831.410568
16.66 5830.784486
16.88 5830.166843
17.11 5829.557458
17.33 5828.956155
17.56 5828.362768
17.78 5827.777130
18.00 5827.199085
18.22 5826.628477
18.44 5826.065155
18.67 5825.508974
18.89 5824.959792
19.12 5824.417472
19.34 5823.881879
19.57 5823.352884
19.79 5822.830359
20.02 5822.314183
20.24 5821.804236
20.47 5821.300400
20.70 5820.802561
20.92 5820.310609
21.15 5819.824438
21.37 5819.343941
21.60 5818.869017
21.83 5818.399565
22.06 5817.935489
22.29 5817.476694
22.51 5817.023088
22.76 5816.574581
22.98 5816.131084
23.20 5815.692513
23.43 5815.258782
23.65 5814.829812
23.88 5814.405521
24.10 5813.985833
24.32 5813.570670
24.55 5813.159959
24.77 5812.753627
25.00 5812.351603
25.22 5811.953817
25.44 5811.560203
25.66 5811.170693
25.89 5810.785224
26.11 5810.403730
26.33 5810.026151
26.55 5809.652426
26.77 5809.282494
27.00 5808.916300
27.22 5808.553785
27.44 5808.194894
27.67 5807.839571
27.89 5807.487765
28.11 5807.139423
28.33 5806.794494
28.56 5806.452925
28.78 5806.114671
29.00 5805.779682
29.23 5805.447910
29.45 5805.119311
29.67 5804.793837
29.89 5804.471445
30.12 5804.152092
30.34 5803.835734
30.56 5803.522329
30.78 5803.211837
31.01 5802.904218
31.23 5802.599430
31.45 5802.297436
31.68 5801.998197
31.90 5801.701677
32.13 5801.407838
32.35 5801.116644
32.58 5800.828060
32.80 5800.542051
33.03 5800.258583
33.25 5799.977622
33.48 5799.699136
33.70 5799.423092
33.93 5799.149458
34.16 5798.878203
34.39 5798.609297
34.62 5798.342708
34.85 5798.078409
35.09 5797.816368
35.32 5797.556559
35.54 5797.298951
35.77 5797.043519
36.00 5796.790234
36.22 5796.539070
36.45 5796.290000
36.67 5796.043000
36.90 5795.798042
37.12 5795.555101
37.34 5795.314155
37.56 5795.075177
37.79 5794.838144
38.01 5794.603033
38.24 5794.369820
38.47 5794.138484
38.68 5793.909000
38.92 5793.681348
39.14 5793.455505
39.37 5793.231451
39.59 5793.009162
39.82 5792.788621
40.04 5792.569805
40.27 5792.352696
40.49 5792.137271
40.71 5791.923514
40.95 5791.711405
41.18 5791.500923
41.40 5791.292051
41.64 5791.084770
41.87 5790.879062
42.10 5790.674909
42.33 5790.472295
42.55 5790.271200
42.77 5790.071610
43.02 5789.873505
43.25 5789.676871
43.48 5789.481690
43.70 5789.287946
43.94 5789.095624
44.17 5788.904707
44.40 5788.715182
44.63 5788.527032
44.88 5788.340241
45.10 5788.154796
45.33 5787.970682
45.56 5787.787884
45.79 5787.606387
46.01 5787.426180
46.24 5787.247246
46.47 5787.069573
46.71 5786.893148
46.95 5786.717955
47.17 5786.543984
47.40 5786.371221
47.62 5786.199653
47.85 5786.029268
48.07 5785.860052
48.29 5785.691996
48.51 5785.525084
48.73 5785.359305
48.96 5785.194650
49.19 5785.031105
49.42 5784.868659
49.64 5784.707300
49.87 5784.547019
50.10 5784.387802
50.32 5784.229640
50.55 5784.072521
50.79 5783.916436
51.04 5783.761375
51.28 5783.607325
51.51 5783.454277
51.75 5783.302222
51.99 5783.151147
52.21 5783.001046
52.44 5782.851908
52.66 5782.703722
52.89 5782.556480
53.12 5782.410172
53.34 5782.264788
53.57 5782.120321
53.80 5781.976759
54.03 5781.834096
54.25 5781.692322
54.48 5781.551428
54.70 5781.411406
54.93 5781.272247
55.17 5781.133942
55.40 5780.996485
55.63 5780.859865
55.85 5780.724076
56.07 5780.589109
56.29 5780.454956
56.51 5780.321610
56.73 5780.189062
56.95 5780.057306
57.17 5779.926335
57.39 5779.796138
57.61 5779.666711
57.83 5779.538045
58.06 5779.410134
58.28 5779.282969
58.51 5779.156546
58.74 5779.030856
58.96 5778.905892
59.19 5778.781648
59.41 5778.658116
59.63 5778.535292
59.86 5778.413167
60.08 5778.291735
60.30 5778.170990
60.53 5778.050925
60.75 5777.931536
60.97 5777.812814
61.19 5777.694755
61.42 5777.577351
61.65 5777.460597
61.88 5777.344488
62.12 5777.229016
62.35 5777.114177
62.59 5776.999965
62.81 5776.886373
63.04 5776.773397
63.27 5776.661031
63.50 5776.549270
63.74 5776.438107
63.97 5776.327538
64.19 5776.217558
64.42 5776.108161
64.65 5775.999341
64.87 5775.891095
65.10 5775.783416
65.32 5775.676300
65.55 5775.569742
65.76 5775.463736
65.99 5775.358279
66.23 5775.253365
66.46 5775.148989
66.68 5775.045148
66.92 5774.941835
67.17 5774.839047
67.40 5774.736778
67.63 5774.635025
67.86 5774.533784
68.10 5774.433049
68.33 5774.332816
68.56 5774.233080
68.79 5774.133838
69.04 5774.035087
69.26 5773.936821
69.49 5773.839035
69.72 5773.741726
69.94 5773.644891
70.17 5773.548523
70.39 5773.452622
70.61 5773.357181
70.83 5773.262198
71.05 5773.167668
71.27 5773.073587
71.50 5772.979951
71.74 5772.886758
71.99 5772.794004
72.23 5772.701683
72.47 5772.609794
72.70 5772.518332
72.93 5772.427295
73.16 5772.336678
73.40 5772.246477
73.62 5772.156690
73.85 5772.067314
74.07 5771.978343
74.29 5771.889776
74.52 5771.801610
74.77 5771.713840
74.99 5771.626464
75.21 5771.539478
75.44 5771.452879
75.66 5771.366664
75.88 5771.280831
76.10 5771.195375
76.32 5771.110294
76.54 5771.025585
76.76 5770.941244
76.98 5770.857270
77.20 5770.773659
77.42 5770.690407
77.64 5770.607512
77.86 5770.524972
78.08 5770.442783
78.30 5770.360943
78.52 5770.279450
78.75 5770.198299
78.98 5770.117489
79.21 5770.037017
79.43 5769.956880
79.65 5769.877075
79.88 5769.797600
80.11 5769.718453
80.33 5769.639630
80.55 5769.561130
80.78 5769.482949
81.00 5769.405087
81.23 5769.327538
81.45 5769.250302
81.68 5769.173376
81.90 5769.096757
82.13 5769.020444
82.35 5768.944434
82.58 5768.868724
82.81 5768.793312
83.04 5768.718197
83.26 5768.643375
83.49 5768.568845
83.71 5768.494604
83.94 5768.420650
84.16 5768.346981
84.38 5768.273593
84.61 5768.200488
84.84 5768.127661
85.06 5768.055110
85.29 5767.982834
85.52 5767.910830
85.74 5767.839095
85.96 5767.767630
86.19 5767.696431
86.42 5767.625495
86.65 5767.554823
86.88 5767.484410
87.10 5767.414256
87.34 5767.344358
87.56 5767.274715
87.78 5767.205324
88.00 5767.136186
88.23 5767.067295
88.45 5766.998652
88.67 5766.930254
88.90 5766.862100
89.13 5766.794188
89.36 5766.726516
89.58 5766.659082
89.81 5766.591886
90.04 5766.524923
90.26 5766.458195
90.48 5766.391697
90.71 5766.325430
90.93 5766.259390
91.16 5766.193578
91.40 5766.127991
91.62 5766.062626
91.85 5765.997485
92.06 5765.932562
92.28 5765.867859
92.50 5765.803373
92.73 5765.739102
92.94 5765.675045
93.17 5765.611201
93.39 5765.547568
93.61 5765.484144
93.84 5765.420929
94.06 5765.357919
94.28 5765.295116
94.50 5765.232516
94.73 5765.170118
94.95 5765.107921
95.19 5765.045925
95.40 5764.984126
95.63 5764.922524
95.86 5764.861117
96.08 5764.799904
96.30 5764.738885
96.52 5764.678056
96.74 5764.617418
96.96 5764.556968
97.18 5764.496706
97.40 5764.436631
97.63 5764.376740
97.85 5764.317034
98.07 5764.257509
98.29 5764.198166
98.51 5764.139002
98.73 5764.080018
98.95 5764.021211
99.18 5763.962581
99.40 5763.904126
99.62 5763.845845
99.84 5763.787736
100.07 5763.729800
100.29 5763.672035
100.51 5763.614439
100.73 5763.557010
100.95 5763.499750
101.17 5763.442655
101.39 5763.385726
101.61 5763.328960
101.84 5763.272358
102.06 5763.215917
102.28 5763.159636
102.50 5763.103516
102.72 5763.047554
102.94 5762.991750
103.15 5762.936102
103.38 5762.880610
103.60 5762.825273
103.83 5762.770089
104.04 5762.715058
104.26 5762.660178
104.49 5762.605449
104.71 5762.550870
104.93 5762.496439
105.15 5762.442156
105.38 5762.388020
105.60 5762.334029
105.82 5762.280184
106.05 5762.226483
106.27 5762.172925
106.49 5762.119508
106.71 5762.066234
106.93 5762.013100
107.15 5761.960104
107.38 5761.907249
107.61 5761.854531
107.84 5761.801949
108.06 5761.749503
108.28 5761.697193
108.51 5761.645018
108.73 5761.592976
108.95 5761.541065
109.18 5761.489288
109.41 5761.437641
109.63 5761.386125
109.86 5761.334738
110.08 5761.283481
110.31 5761.232350
110.53 5761.181346
110.75 5761.130470
110.98 5761.079719
111.22 5761.029091
111.44 5760.978589
111.66 5760.928210
111.89 5760.877953
112.12 5760.827819
112.34 5760.777804
112.56 5760.727911
112.79 5760.678137
113.01 5760.628482
113.23 5760.578945
113.45 5760.529526
113.68 5760.480223
113.90 5760.431037
114.12 5760.381965
114.35 5760.333008
114.57 5760.284166
114.80 5760.235437
115.02 5760.186820
115.24 5760.138315
115.50 5760.089923
115.73 5760.041640
115.97 5759.993468
116.20 5759.945405
116.45 5759.897451
116.67 5759.849605
116.89 5759.801866
117.12 5759.754235
117.37 5759.706709
117.62 5759.659289
117.84 5759.611975
118.07 5759.564765
118.30 5759.517658
118.52 5759.470655
118.75 5759.423755
118.98 5759.376956
119.21 5759.330259
119.43 5759.283663
119.65 5759.237167
119.87 5759.190771
120.10 5759.144474
120.32 5759.098276
120.54 5759.052176
120.77 5759.006173
120.99 5758.960268
121.21 5758.914459
121.43 5758.868746
121.66 5758.823128
121.88 5758.777604
122.10 5758.732176
122.32 5758.686841
122.55 5758.641599
122.77 5758.596450
122.99 5758.551393
123.21 5758.506427
123.43 5758.461554
123.66 5758.416771
123.88 5758.372078
124.11 5758.327475
124.33 5758.282961
124.56 5758.238536
124.78 5758.194199
125.00 5758.149950
125.22 5758.105787
125.45 5758.061713
125.67 5758.017724
125.89 5757.973822
126.11 5757.930004
126.33 5757.886272
126.55 5757.842624
126.78 5757.799060
127.00 5757.755580
127.22 5757.712184
127.46 5757.668869
127.68 5757.625638
127.90 5757.582488
128.13 5757.539419
128.35 5757.496431
128.58 5757.453525
128.80 5757.410698
129.03 5757.367951
129.25 5757.325283
129.48 5757.282694
129.70 5757.240184
129.93 5757.197752
130.15 5757.155397
130.38 5757.113119
130.60 5757.070919
130.83 5757.028795
131.05 5756.986747
131.27 5756.944775
131.50 5756.902878
131.72 5756.861056
131.94 5756.819309
132.16 5756.777635
132.39 5756.736036
132.61 5756.694510
132.84 5756.653057
133.06 5756.611677
133.28 5756.570368
133.51 5756.529132
133.74 5756.487968
133.96 5756.446874
134.19 5756.405852
134.42 5756.364900
134.65 5756.324018
134.87 5756.283206
135.10 5756.242463
135.32 5756.201790
135.56 5756.161185
135.78 5756.120648
136.01 5756.080181
136.23 5756.039779
136.46 5755.999447
136.68 5755.959180
136.90 5755.918982
137.12 5755.878849
137.35 5755.838783
137.57 5755.798781
137.80 5755.758846
138.03 5755.718976
138.26 5755.679170
138.48 5755.639429
138.71 5755.599753
138.93 5755.560140
139.16 5755.520591
139.38 5755.481104
139.60 5755.441682
139.83 5755.402322
140.06 5755.363024
140.29 5755.323788
140.52 5755.284614
140.76 5755.245502
140.98 5755.206451
141.21 5755.167460
141.43 5755.128531
141.67 5755.089662
141.89 5755.050853
142.11 5755.012103
142.33 5754.973413
142.56 5754.934783
142.79 5754.896211
143.01 5754.857699
143.23 5754.819244
143.46 5754.780848
143.69 5754.742509
143.91 5754.704229
144.14 5754.666005
144.36 5754.627839
144.59 5754.589729
144.81 5754.551677
145.03 5754.513680
145.26 5754.475740
145.49 5754.437855
145.71 5754.400026
145.93 5754.362252
146.15 5754.324534
146.38 5754.286869
146.60 5754.249260
146.83 5754.211705
147.05 5754.174204
147.28 5754.136757
147.50 5754.099364
147.73 5754.062023
147.96 5754.024736
148.19 5753.987502
148.41 5753.950320
148.63 5753.913191
148.86 5753.876114
149.08 5753.839089
149.30 5753.802117
149.53 5753.765196
149.76 5753.728325
150.00 5753.691505
150.23 5753.654737
150.46 5753.618020
150.69 5753.581352
150.92 5753.544735
151.14 5753.508167
151.37 5753.471650
151.59 5753.435182
151.81 5753.398764
152.03 5753.362394
152.25 5753.326074
152.47 5753.289802
152.70 5753.253579
152.92 5753.217404
153.15 5753.181277
153.37 5753.145198
153.60 5753.109167
153.83 5753.073183
154.06 5753.037247
154.29 5753.001357
154.52 5752.965515
154.74 5752.929719
154.97 5752.893970
155.19 5752.858267
155.42 5752.822611
155.64 5752.787000
155.87 5752.751435
156.09 5752.715915
156.32 5752.680441
156.54 5752.645012
156.77 5752.609629
156.99 5752.574289
157.22 5752.538995
157.44 5752.503745
157.67 5752.468539
157.89 5752.433378
158.12 5752.398260
158.34 5752.363186
158.57 5752.328156
158.80 5752.293170
159.03 5752.258226
159.25 5752.223325
159.47 5752.188467
159.70 5752.153653
159.93 5752.118881
160.16 5752.084150
160.38 5752.049462
160.61 5752.014817
160.83 5751.980213
161.05 5751.945650
161.28 5751.911130
161.50 5751.876651
161.73 5751.842213
161.96 5751.807816
162.19 5751.773461
162.41 5751.739146
162.63 5751.704870
162.87 5751.670636
163.09 5751.636443
163.32 5751.602289
163.54 5751.568176
163.77 5751.534102
163.99 5751.500067
164.22 5751.466073
164.45 5751.432117
164.68 5751.398202
164.90 5751.364324
165.12 5751.330486
165.34 5751.296688
165.56 5751.262927
165.78 5751.229205
166.01 5751.195522
166.23 5751.161876
166.46 5751.128269
166.68 5751.094699
166.91 5751.061168
167.14 5751.027674
167.36 5750.994217
167.59 5750.960799
167.83 5750.927417
168.05 5750.894072
168.27 5750.860765
168.50 5750.827494
168.72 5750.794260
168.95 5750.761062
169.17 5750.727901
169.39 5750.694776
169.61 5750.661688
169.84 5750.628635
170.06 5750.595619
170.28 5750.562638
170.51 5750.529693
170.73 5750.496783
170.96 5750.463909
171.18 5750.431070
171.41 5750.398267
171.63 5750.365497
171.85 5750.332764
172.09 5750.300065
172.31 5750.267401
172.53 5750.234771
172.76 5750.202175
172.99 5750.169614
173.22 5750.137088
173.44 5750.104596
173.66 5750.072136
173.90 5750.039712
174.12 5750.007320
174.35 5749.974963
174.57 5749.942639
174.80 5749.910348
175.02 5749.878092
175.24 5749.845867
175.48 5749.813676
175.71 5749.781518
175.93 5749.749392
176.16 5749.717299
176.38 5749.685240
176.61 5749.653212
176.83 5749.621217
177.05 5749.589254
177.28 5749.557323
177.50 5749.525425
177.72 5749.493558
177.94 5749.461723
178.17 5749.429920
178.39 5749.398149
178.61 5749.366409
178.83 5749.334700
179.05 5749.303023
179.29 5749.271377
179.52 5749.239762
179.75 5749.208179
179.99 5749.176626
180.21 5749.145104
180.45 5749.113613
180.69 5749.082152
180.91 5749.050721
181.13 5749.019322
181.36 5748.987953
181.58 5748.956614
181.80 5748.925305
182.03 5748.894026
182.25 5748.862777
182.47 5748.831558
182.69 5748.800369
182.92 5748.769209
183.14 5748.738079
183.36 5748.706979
183.58 5748.675908
183.81 5748.644866
184.03 5748.613853
184.26 5748.582870
184.48 5748.551915
184.70 5748.520990
184.92 5748.490093
185.14 5748.459226
185.36 5748.428386
185.59 5748.397575
185.81 5748.366793
186.03 5748.336040
186.25 5748.305315
186.48 5748.274617
186.71 5748.243948
186.94 5748.213308
187.16 5748.182695
187.39 5748.152109
187.61 5748.121552
187.83 5748.091024
188.06 5748.060522
188.28 5748.030047
188.50 5747.999601
188.73 5747.969182
188.95 5747.938790
189.17 5747.908425
189.40 5747.878088
189.62 5747.847778
189.85 5747.817494
190.07 5747.787238
190.29 5747.757008
190.52 5747.726806
190.74 5747.696630
190.97 5747.666480
191.19 5747.636357
191.41 5747.606261
191.63 5747.576191
191.86 5747.546147
192.08 5747.516130
192.30 5747.486138
192.52 5747.456174
192.75 5747.426234
192.97 5747.396321
193.19 5747.366434
193.41 5747.336573
193.64 5747.306737
193.86 5747.276927
194.09 5747.247142
194.31 5747.217384
194.54 5747.187651
194.77 5747.157942
195.00 5747.128259
195.22 5747.098602
195.45 5747.068969
195.69 5747.039362
195.93 5747.009779
196.15 5746.980222
196.37 5746.950690
196.60 5746.921182
196.82 5746.891699
197.05 5746.862241
197.27 5746.832807
197.49 5746.803399
197.72 5746.774014
197.95 5746.744655
198.17 5746.715319
198.39 5746.686007
198.62 5746.656720
198.85 5746.627457
199.07 5746.598218
199.30 5746.569003
199.52 5746.539812
199.74 5746.510645
199.97 5746.481503
200.20 5746.452384
200.42 5746.423287
200.65 5746.394216
200.90 5746.365168
201.12 5746.336143
201.34 5746.307141
201.56 5746.278164
201.78 5746.249209
202.01 5746.220278
202.24 5746.191370
202.46 5746.162486
202.69 5746.133624
202.91 5746.104785
203.14 5746.075970
203.36 5746.047177
203.58 5746.018407
203.80 5745.989661
204.02 5745.960936
204.26 5745.932235
204.48 5745.903556
204.70 5745.874900
204.92 5745.846266
205.14 5745.817655
205.37 5745.789066
205.60 5745.760500
205.82 5745.731956
206.04 5745.703434
206.27 5745.674935
206.50 5745.646458
206.73 5745.618002
206.95 5745.589569
207.18 5745.561159
207.41 5745.532769
207.63 5745.504401
207.85 5745.476056
208.09 5745.447732
208.31 5745.419430
208.54 5745.391150
208.76 5745.362891
208.98 5745.334654
209.21 5745.306438
209.42 5745.278245
209.65 5745.250072
209.86 5745.221920
210.09 5745.193790
210.31 5745.165682
210.53 5745.137594
210.75 5745.109528
210.98 5745.081483
211.20 5745.053458
211.42 5745.025455
211.65 5744.997473
211.87 5744.969512
212.11 5744.941572
212.33 5744.913652
212.57 5744.885753
212.79 5744.857875
213.01 5744.830018
213.24 5744.802182
213.46 5744.774366
213.69 5744.746570
213.91 5744.718795
214.13 5744.691042
214.36 5744.663306
214.58 5744.635593
214.80 5744.607899
215.02 5744.580226
215.25 5744.552573
215.47 5744.524940
215.70 5744.497328
215.93 5744.469735
216.17 5744.442163
216.39 5744.414610
216.61 5744.387077
216.84 5744.359565
217.07 5744.332072
217.30 5744.304599
217.52 5744.277146
217.74 5744.249713
217.96 5744.222298
218.19 5744.194904
218.42 5744.167530
218.64 5744.140175
218.87 5744.112840
219.10 5744.085524
219.32 5744.058227
219.55 5744.030950
219.77 5744.003693
220.00 5743.976454
220.22 5743.949236
220.46 5743.922036
220.68 5743.894855
220.90 5743.867693
221.12 5743.840551
221.35 5743.813428
221.58 5743.786323
221.80 5743.759238
222.03 5743.732171
222.26 5743.705124
222.48 5743.678095
222.70 5743.651086
222.93 5743.624095
223.15 5743.597123
223.38 5743.570169
223.60 5743.543234
223.83 5743.516318
224.06 5743.489421
224.29 5743.462542
224.51 5743.435681
224.73 5743.408840
