0.00 4596.336135
0.14 4594.468458
0.28 4592.661966
0.42 4590.913837
0.56 4589.221430
0.70 4587.582271
0.83 4585.994040
0.97 4584.454554
1.11 4582.961759
1.25 4581.513722
1.38 4580.108613
1.52 4578.744712
1.66 4577.420384
1.80 4576.134085
1.93 4574.884348
2.07 4573.669783
2.21 4572.489070
2.34 4571.340951
2.48 4570.224233
2.62 4569.137776
2.76 4568.080496
2.89 4567.051355
3.03 4566.049370
3.17 4565.073591
3.31 4564.123120
3.44 4563.197092
3.58 4562.294681
3.72 4561.415094
3.86 4560.557577
3.99 4559.721402
4.13 4558.905871
4.27 4558.110316
4.41 4557.334096
4.55 4556.576596
4.70 4555.837221
4.83 4555.115403
4.97 4554.410596
5.11 4553.722275
5.25 4553.049931
5.39 4552.393078
5.53 4551.751248
5.67 4551.123987
5.80 4550.510862
5.94 4549.911452
6.08 4549.325354
6.21 4548.752178
6.35 4548.191548
6.49 4547.643102
6.63 4547.106489
6.77 4546.581372
6.90 4546.067425
7.04 4545.564333
7.18 4545.071794
7.32 4544.589510
7.45 4544.117200
7.59 4543.654590
7.73 4543.201412
7.87 4542.757414
8.00 4542.322344
8.14 4541.895964
8.28 4541.478043
8.41 4541.068353
8.55 4540.666681
8.69 4540.272813
8.82 4539.886547
8.96 4539.507685
9.10 4539.136037
9.23 4538.771417
9.37 4538.413645
9.51 4538.062548
9.65 4537.717959
9.79 4537.379711
9.92 4537.047650
10.06 4536.721619
10.20 4536.401472
10.33 4536.087061
10.47 4535.778249
10.61 4535.474898
10.74 4535.176878
10.88 4534.884059
11.02 4534.596318
11.15 4534.313532
11.29 4534.035586
11.43 4533.762367
11.57 4533.493761
11.71 4533.229664
11.85 4532.969970
11.99 4532.714577
12.12 4532.463386
12.26 4532.216302
12.40 4531.973233
12.54 4531.734086
12.67 4531.498775
12.81 4531.267212
12.95 4531.039314
13.09 4530.815002
13.23 4530.594195
13.36 4530.376815
13.50 4530.162789
13.63 4529.952042
13.77 4529.744505
13.91 4529.540107
14.05 4529.338782
14.18 4529.140464
14.32 4528.945091
14.46 4528.752599
14.59 4528.562931
14.73 4528.376027
14.86 4528.191829
15.00 4528.010284
15.14 4527.831337
15.28 4527.654935
15.42 4527.481026
15.55 4527.309563
15.69 4527.140493
15.83 4526.973771
15.96 4526.809348
16.10 4526.647181
16.24 4526.487225
16.38 4526.329436
16.51 4526.173773
16.65 4526.020193
16.79 4525.868658
16.93 4525.719126
17.06 4525.571563
17.20 4525.425929
17.34 4525.282187
17.48 4525.140302
17.61 4525.000240
17.75 4524.861967
17.89 4524.725449
18.02 4524.590653
18.16 4524.457549
18.30 4524.326106
18.44 4524.196294
18.57 4524.068082
18.71 4523.941442
18.85 4523.816347
18.99 4523.692767
19.12 4523.570677
19.26 4523.450051
19.39 4523.330863
19.53 4523.213088
19.67 4523.096700
19.80 4522.981675
19.94 4522.867992
20.07 4522.755626
20.21 4522.644556
20.35 4522.534759
20.49 4522.426213
20.62 4522.318897
20.76 4522.212793
20.90 4522.107878
21.04 4522.004133
21.17 4521.901539
21.31 4521.800079
21.45 4521.699729
21.58 4521.600478
21.72 4521.502303
21.85 4521.405189
21.99 4521.309118
22.13 4521.214075
22.27 4521.120042
22.41 4521.027002
22.55 4520.934943
22.70 4520.843848
22.84 4520.753701
22.98 4520.664487
23.12 4520.576195
23.26 4520.488807
23.40 4520.402311
23.54 4520.316692
23.68 4520.231940
23.82 4520.148038
23.96 4520.064976
24.10 4519.982740
24.25 4519.901319
24.39 4519.820700
24.53 4519.740871
24.67 4519.661820
24.81 4519.583538
24.95 4519.506012
25.09 4519.429230
25.23 4519.353184
25.37 4519.277862
25.51 4519.203253
25.64 4519.129348
25.78 4519.056137
25.92 4518.983609
26.05 4518.911756
26.19 4518.840568
26.33 4518.770035
26.47 4518.700150
26.61 4518.630902
26.75 4518.562281
26.89 4518.494283
27.03 4518.426896
27.17 4518.360112
27.31 4518.293925
27.45 4518.228324
27.59 4518.163303
27.73 4518.098855
27.87 4518.034970
28.02 4517.971642
28.15 4517.908863
28.29 4517.846627
28.43 4517.784926
28.57 4517.723754
28.71 4517.663103
28.85 4517.602967
28.99 4517.543339
29.13 4517.484212
29.27 4517.425582
29.41 4517.367439
29.55 4517.309780
29.70 4517.252597
29.84 4517.195885
29.97 4517.139637
30.11 4517.083851
30.26 4517.028515
30.40 4516.973628
30.54 4516.919183
30.68 4516.865175
30.82 4516.811599
30.96 4516.758449
31.09 4516.705720
31.23 4516.653407
31.37 4516.601505
31.51 4516.550009
31.65 4516.498914
31.79 4516.448216
31.93 4516.397910
32.07 4516.347991
32.21 4516.298453
32.35 4516.249296
32.49 4516.200509
32.63 4516.152094
32.77 4516.104044
32.90 4516.056354
33.04 4516.009020
33.18 4515.962040
33.32 4515.915408
33.46 4515.869119
33.60 4515.823173
33.74 4515.777562
33.88 4515.732284
34.02 4515.687337
34.16 4515.642713
34.30 4515.598411
34.44 4515.554429
34.58 4515.510760
34.72 4515.467403
34.86 4515.424354
35.00 4515.381609
35.13 4515.339165
35.27 4515.297018
35.41 4515.255167
35.55 4515.213607
35.69 4515.172333
35.82 4515.131346
35.96 4515.090640
36.10 4515.050213
36.24 4515.010062
36.38 4514.970184
36.52 4514.930577
36.65 4514.891235
36.79 4514.852158
36.93 4514.813344
37.07 4514.774787
37.21 4514.736486
37.35 4514.698438
37.48 4514.660642
37.62 4514.623093
37.76 4514.585789
37.90 4514.548729
38.04 4514.511909
38.18 4514.475327
38.33 4514.438981
38.47 4514.402866
38.61 4514.366983
38.75 4514.331328
38.89 4514.295899
39.03 4514.260693
39.17 4514.225709
39.31 4514.190944
39.45 4514.156396
39.59 4514.122063
39.73 4514.087942
39.87 4514.054030
40.01 4514.020328
40.15 4513.986832
40.29 4513.953540
40.43 4513.920450
40.57 4513.887560
40.71 4513.854869
40.85 4513.822373
40.99 4513.790071
41.13 4513.757962
41.27 4513.726043
41.41 4513.694313
41.54 4513.662769
41.68 4513.631410
41.82 4513.600235
41.96 4513.569240
42.10 4513.538425
42.24 4513.507788
42.38 4513.477327
42.52 4513.447041
42.66 4513.416926
42.80 4513.386984
42.94 4513.357210
43.08 4513.327604
43.21 4513.298164
43.35 4513.268889
43.49 4513.239778
43.64 4513.210827
43.78 4513.182036
43.92 4513.153404
44.06 4513.124929
44.20 4513.096609
44.35 4513.068443
44.48 4513.040431
44.62 4513.012568
44.76 4512.984855
44.90 4512.957292
45.04 4512.929873
45.18 4512.902603
45.32 4512.875474
45.46 4512.848490
45.60 4512.821647
45.74 4512.794944
45.88 4512.768380
46.02 4512.741954
46.16 4512.715663
46.29 4512.689508
46.43 4512.663488
46.57 4512.637599
46.71 4512.611844
46.85 4512.586216
46.99 4512.560720
47.13 4512.535351
47.27 4512.510107
47.41 4512.484990
47.55 4512.459998
47.69 4512.435129
47.84 4512.410382
47.97 4512.385756
48.12 4512.361250
48.26 4512.336863
48.40 4512.312595
48.54 4512.288443
48.68 4512.264407
48.82 4512.240486
48.96 4512.216679
49.10 4512.192983
49.24 4512.169401
49.38 4512.145928
49.52 4512.122566
49.66 4512.099312
49.80 4512.076166
49.94 4512.053128
50.08 4512.030195
50.21 4512.007367
50.35 4511.984645
50.49 4511.962023
50.63 4511.939506
50.77 4511.917088
50.91 4511.894773
51.05 4511.872557
51.19 4511.850439
51.33 4511.828419
51.47 4511.806497
51.61 4511.784671
51.75 4511.762939
51.89 4511.741303
52.03 4511.719761
52.17 4511.698312
52.31 4511.676956
52.45 4511.655689
52.60 4511.634515
52.74 4511.613429
52.88 4511.592433
53.02 4511.571526
53.16 4511.550705
53.30 4511.529972
53.44 4511.509325
53.58 4511.488763
53.73 4511.468286
53.86 4511.447894
54.00 4511.427583
54.14 4511.407356
54.28 4511.387211
54.42 4511.367146
54.56 4511.347164
54.69 4511.327259
54.83 4511.307434
54.97 4511.287688
55.11 4511.268019
55.25 4511.248427
55.39 4511.228913
55.53 4511.209475
55.67 4511.190111
55.81 4511.170822
55.94 4511.151607
56.08 4511.132466
56.22 4511.113397
56.36 4511.094400
56.50 4511.075477
56.65 4511.056622
56.79 4511.037840
56.94 4511.019126
57.08 4511.000482
57.22 4510.981908
57.36 4510.963401
57.50 4510.944961
57.64 4510.926588
57.78 4510.908283
57.93 4510.890043
58.07 4510.871868
58.21 4510.853760
58.35 4510.835715
58.49 4510.817734
58.62 4510.799817
58.76 4510.781961
58.91 4510.764170
59.05 4510.746439
59.18 4510.728771
59.32 4510.711162
59.46 4510.693615
59.60 4510.676127
59.74 4510.658699
59.88 4510.641330
60.02 4510.624020
60.16 4510.606767
60.30 4510.589571
60.44 4510.572433
60.58 4510.555353
60.72 4510.538327
60.86 4510.521359
61.00 4510.504445
61.14 4510.487585
61.28 4510.470781
61.42 4510.454031
61.56 4510.437334
61.69 4510.420692
61.84 4510.404101
61.97 4510.387563
62.11 4510.371077
62.25 4510.354642
62.39 4510.338259
62.53 4510.321925
62.67 4510.305644
62.81 4510.289412
62.95 4510.273230
63.09 4510.257096
63.23 4510.241013
63.37 4510.224977
63.50 4510.208989
63.65 4510.193049
63.79 4510.177157
63.93 4510.161311
64.07 4510.145513
64.21 4510.129761
64.35 4510.114053
64.49 4510.098394
64.63 4510.082779
64.77 4510.067208
64.91 4510.051682
65.05 4510.036200
65.20 4510.020763
65.33 4510.005368
65.47 4509.990018
65.61 4509.974710
65.75 4509.959445
65.89 4509.944222
66.03 4509.929042
66.17 4509.913902
66.31 4509.898805
66.44 4509.883748
66.58 4509.868733
66.72 4509.853758
66.86 4509.838822
67.00 4509.823927
67.14 4509.809070
67.28 4509.794255
67.42 4509.779479
67.56 4509.764739
67.70 4509.750039
67.84 4509.735377
67.98 4509.720753
68.12 4509.706166
68.25 4509.691617
68.40 4509.677105
68.54 4509.662631
68.68 4509.648192
68.81 4509.633790
68.95 4509.619423
69.09 4509.605092
69.23 4509.590798
69.37 4509.576537
69.51 4509.562312
69.65 4509.548122
69.79 4509.533966
69.94 4509.519846
70.08 4509.505759
70.22 4509.491704
70.36 4509.477684
70.50 4509.463697
70.64 4509.449743
70.77 4509.435822
70.92 4509.421934
71.05 4509.408078
71.19 4509.394255
71.33 4509.380463
71.47 4509.366702
71.60 4509.352973
71.75 4509.339275
71.90 4509.325610
72.05 4509.311974
72.18 4509.298369
72.32 4509.284794
72.46 4509.271250
72.60 4509.257736
72.75 4509.244250
72.89 4509.230795
73.02 4509.217369
73.17 4509.203974
73.31 4509.190606
73.44 4509.177266
73.58 4509.163956
73.71 4509.150674
73.86 4509.137420
73.99 4509.124195
74.13 4509.110996
74.27 4509.097827
74.41 4509.084684
74.55 4509.071568
74.69 4509.058479
74.83 4509.045418
74.97 4509.032383
75.11 4509.019375
75.24 4509.006393
75.38 4508.993436
75.52 4508.980506
75.66 4508.967602
75.80 4508.954724
75.94 4508.941871
76.08 4508.929044
76.22 4508.916242
76.36 4508.903464
76.50 4508.890711
76.63 4508.877984
76.77 4508.865280
76.91 4508.852601
77.05 4508.839947
77.19 4508.827316
77.33 4508.814709
77.47 4508.802125
77.60 4508.789566
77.74 4508.777029
77.88 4508.764517
78.02 4508.752026
78.16 4508.739561
78.29 4508.727117
78.43 4508.714695
78.57 4508.702296
78.71 4508.689921
78.84 4508.677567
78.98 4508.665235
79.12 4508.652925
79.25 4508.640637
79.39 4508.628371
79.52 4508.616125
79.66 4508.603902
79.80 4508.591700
79.94 4508.579520
80.08 4508.567360
80.21 4508.555221
80.35 4508.543103
80.49 4508.531005
80.63 4508.518928
80.76 4508.506872
80.91 4508.494836
81.04 4508.482821
81.18 4508.470825
81.32 4508.458848
81.46 4508.446892
81.60 4508.434956
81.74 4508.423039
81.88 4508.411141
82.01 4508.399263
82.15 4508.387404
82.31 4508.375563
82.45 4508.363743
82.59 4508.351941
82.73 4508.340158
82.87 4508.328393
83.01 4508.316647
83.14 4508.304920
83.28 4508.293210
83.42 4508.281519
83.56 4508.269846
83.70 4508.258191
83.83 4508.246554
83.97 4508.234935
84.11 4508.223333
84.25 4508.211748
84.39 4508.200182
84.53 4508.188632
84.67 4508.177101
84.81 4508.165587
84.95 4508.154089
85.09 4508.142608
85.23 4508.131145
85.37 4508.119699
85.52 4508.108268
85.66 4508.096855
85.80 4508.085457
85.94 4508.074077
86.08 4508.062713
86.22 4508.051365
86.36 4508.040033
86.50 4508.028717
86.63 4508.017417
86.77 4508.006133
86.91 4507.994866
87.05 4507.983612
87.19 4507.972376
87.33 4507.961156
87.46 4507.949950
87.60 4507.938759
87.74 4507.927583
87.87 4507.916424
88.01 4507.905279
88.15 4507.894150
88.28 4507.883036
88.42 4507.871936
88.56 4507.860851
88.69 4507.849781
88.83 4507.838724
88.97 4507.827683
89.10 4507.816657
89.24 4507.805646
89.38 4507.794648
89.51 4507.783663
89.65 4507.772695
89.79 4507.761740
89.93 4507.750799
90.06 4507.739872
90.20 4507.728958
90.34 4507.718060
90.48 4507.707174
90.62 4507.696302
90.76 4507.685444
90.90 4507.674600
91.03 4507.663768
91.17 4507.652950
91.31 4507.642147
91.45 4507.631355
91.58 4507.620577
91.72 4507.609812
91.86 4507.599061
92.00 4507.588322
92.13 4507.577598
92.27 4507.566884
92.41 4507.556184
92.55 4507.545498
92.69 4507.534823
92.83 4507.524162
92.97 4507.513512
93.11 4507.502876
93.25 4507.492251
93.39 4507.481640
93.53 4507.471040
93.67 4507.460454
93.81 4507.449879
93.95 4507.439316
94.09 4507.428765
94.23 4507.418227
94.36 4507.407700
94.50 4507.397186
94.64 4507.386684
94.78 4507.376192
94.92 4507.365712
95.05 4507.355245
95.20 4507.344789
95.33 4507.334346
95.47 4507.323914
95.61 4507.313493
95.75 4507.303083
95.89 4507.292685
96.03 4507.282298
96.16 4507.271924
96.30 4507.261559
96.45 4507.251206
96.60 4507.240864
96.73 4507.230534
96.87 4507.220214
97.01 4507.209905
97.16 4507.199607
97.30 4507.189321
97.43 4507.179044
97.57 4507.168779
97.71 4507.158525
97.84 4507.148281
97.98 4507.138049
98.12 4507.127826
98.26 4507.117614
98.40 4507.107413
98.53 4507.097222
98.67 4507.087042
98.81 4507.076872
98.94 4507.066713
99.08 4507.056563
99.22 4507.046424
99.35 4507.036295
99.49 4507.026178
99.63 4507.016068
99.77 4507.005970
99.90 4506.995882
100.04 4506.985804
100.18 4506.975736
100.31 4506.965677
100.45 4506.955630
100.59 4506.945591
100.73 4506.935562
100.87 4506.925543
101.01 4506.915534
101.15 4506.905534
101.29 4506.895544
101.43 4506.885563
101.56 4506.875593
101.70 4506.865632
101.85 4506.855680
101.98 4506.845739
102.12 4506.835807
102.26 4506.825883
102.40 4506.815969
102.54 4506.806064
102.68 4506.796168
102.82 4506.786283
102.95 4506.776407
103.09 4506.766538
103.23 4506.756681
103.37 4506.746830
103.50 4506.736990
103.64 4506.727159
103.77 4506.717337
103.91 4506.707523
104.05 4506.697719
104.19 4506.687923
104.32 4506.678137
104.46 4506.668358
104.60 4506.658590
104.74 4506.648830
104.87 4506.639079
105.01 4506.629336
105.15 4506.619602
105.29 4506.609877
105.43 4506.600160
105.56 4506.590452
105.70 4506.580752
105.84 4506.571061
105.98 4506.561379
106.11 4506.551705
106.25 4506.542039
106.39 4506.532382
106.53 4506.522734
106.67 4506.513093
106.81 4506.503461
106.95 4506.493838
107.09 4506.484220
107.22 4506.474614
107.36 4506.465015
107.50 4506.455424
107.63 4506.445841
107.78 4506.436266
107.91 4506.426700
108.05 4506.417141
108.19 4506.407591
108.33 4506.398049
108.47 4506.388515
108.61 4506.378988
108.75 4506.369470
108.89 4506.359959
109.03 4506.350457
109.17 4506.340962
109.31 4506.331475
109.45 4506.321996
109.58 4506.312524
109.72 4506.303061
109.86 4506.293605
109.99 4506.284157
110.14 4506.274717
110.28 4506.265284
110.42 4506.255859
110.56 4506.246442
110.71 4506.237032
110.85 4506.227629
110.99 4506.218233
111.13 4506.208847
111.27 4506.199466
111.41 4506.190095
111.55 4506.180730
111.69 4506.171373
111.83 4506.162022
111.96 4506.152680
112.10 4506.143345
112.24 4506.134017
112.37 4506.124696
112.51 4506.115384
112.65 4506.106077
112.78 4506.096779
112.92 4506.087487
113.06 4506.078203
113.19 4506.068926
113.33 4506.059656
113.47 4506.050394
113.60 4506.041138
113.74 4506.031889
113.88 4506.022647
114.01 4506.013414
114.15 4506.004186
114.29 4505.994967
114.43 4505.985753
114.56 4505.976547
114.70 4505.967347
114.84 4505.958156
114.98 4505.948970
115.12 4505.939793
115.25 4505.930620
115.39 4505.921456
115.53 4505.912298
115.67 4505.903147
115.81 4505.894003
115.94 4505.884866
116.08 4505.875735
116.22 4505.866612
116.36 4505.857494
116.50 4505.848384
116.64 4505.839281
116.78 4505.830184
116.92 4505.821094
117.06 4505.812011
117.19 4505.802934
117.33 4505.793863
117.47 4505.784800
117.61 4505.775743
117.74 4505.766692
117.88 4505.757649
118.02 4505.748611
118.16 4505.739580
118.29 4505.730556
118.43 4505.721539
118.57 4505.712526
118.71 4505.703522
118.84 4505.694523
118.98 4505.685532
119.12 4505.676546
119.25 4505.667567
119.39 4505.658595
119.53 4505.649628
119.67 4505.640668
119.81 4505.631715
119.94 4505.622767
120.08 4505.613825
120.21 4505.604891
120.35 4505.595963
120.48 4505.587040
120.62 4505.578125
120.76 4505.569215
120.90 4505.560312
121.04 4505.551415
121.18 4505.542523
121.32 4505.533639
121.46 4505.524760
121.60 4505.515887
121.73 4505.507020
121.87 4505.498160
122.01 4505.489306
122.15 4505.480459
122.29 4505.471616
122.43 4505.462779
122.57 4505.453950
122.71 4505.445126
122.85 4505.436308
122.99 4505.427497
123.13 4505.418691
123.27 4505.409890
123.40 4505.401096
123.54 4505.392308
123.68 4505.383527
123.82 4505.374751
123.96 4505.365980
124.10 4505.357217
124.24 4505.348458
124.38 4505.339705
124.51 4505.330959
124.65 4505.322218
124.79 4505.313483
124.93 4505.304755
125.07 4505.296031
125.20 4505.287314
125.34 4505.278602
125.48 4505.269896
125.62 4505.261196
125.76 4505.252503
125.89 4505.243814
126.03 4505.235131
126.17 4505.226454
126.30 4505.217782
126.44 4505.209117
126.58 4505.200457
126.72 4505.191802
126.86 4505.183154
127.00 4505.174512
127.14 4505.165874
127.28 4505.157242
127.42 4505.148616
127.56 4505.139996
127.70 4505.131381
127.83 4505.122772
127.97 4505.114168
128.11 4505.105570
128.25 4505.096977
128.38 4505.088390
128.52 4505.079809
128.66 4505.071233
128.79 4505.062663
128.93 4505.054098
129.07 4505.045539
129.21 4505.036986
129.34 4505.028437
129.48 4505.019894
129.62 4505.011357
129.76 4505.002824
129.90 4504.994298
130.04 4504.985778
130.17 4504.977261
130.32 4504.968751
130.46 4504.960246
130.59 4504.951747
130.73 4504.943252
130.87 4504.934764
131.01 4504.926280
131.14 4504.917802
131.28 4504.909330
131.42 4504.900863
131.55 4504.892401
131.69 4504.883944
131.83 4504.875492
131.96 4504.867046
132.10 4504.858606
132.24 4504.850170
132.38 4504.841740
132.51 4504.833315
132.65 4504.824894
132.79 4504.816481
132.93 4504.808071
133.07 4504.799667
133.21 4504.791269
133.35 4504.782875
133.48 4504.774486
133.62 4504.766103
133.76 4504.757725
133.90 4504.749352
134.03 4504.740984
134.17 4504.732622
134.31 4504.724264
134.45 4504.715912
134.59 4504.707566
134.73 4504.699223
134.87 4504.690886
135.00 4504.682554
135.14 4504.674228
135.28 4504.665906
135.41 4504.657590
135.55 4504.649278
135.69 4504.640972
135.82 4504.632670
135.96 4504.624374
136.10 4504.616083
136.24 4504.607796
136.38 4504.599515
136.52 4504.591240
136.66 4504.582969
136.80 4504.574702
136.94 4504.566441
137.08 4504.558185
137.23 4504.549934
137.37 4504.541687
137.51 4504.533446
137.64 4504.525209
137.78 4504.516979
137.92 4504.508753
138.06 4504.500531
138.20 4504.492315
138.33 4504.484102
138.47 4504.475896
138.61 4504.467694
138.75 4504.459497
