0.00 4767.803705
1.14 4763.725706
2.29 4759.854103
3.43 4756.176343
4.57 4752.680710
5.71 4749.356269
6.85 4746.192810
8.03 4743.180796
9.22 4740.311320
10.36 4737.576055
11.50 4734.967219
12.65 4732.477534
13.79 4730.100192
14.94 4727.828822
16.10 4725.657461
17.24 4723.580526
18.39 4721.592786
19.54 4719.689342
20.69 4717.865599
21.83 4716.117251
22.98 4714.440256
24.46 4712.830825
25.66 4711.285397
26.82 4709.800631
27.96 4708.373387
29.10 4707.000715
30.24 4705.679841
31.37 4704.408156
32.51 4703.183205
33.65 4702.002679
34.78 4700.864402
35.91 4699.766324
37.05 4698.706514
38.19 4697.683152
39.33 4696.694521
40.46 4695.739000
41.60 4694.815061
42.73 4693.921258
43.87 4693.056229
45.00 4692.218683
46.13 4691.407402
47.27 4690.621232
48.40 4689.859082
49.57 4689.119920
50.73 4688.402767
51.87 4687.706696
53.06 4687.030828
54.20 4686.374331
55.36 4685.736413
56.58 4685.116324
57.75 4684.513353
58.89 4683.926821
60.03 4683.356087
61.18 4682.800539
62.39 4682.259594
63.53 4681.732701
64.69 4681.219331
65.82 4680.718983
66.95 4680.231180
68.09 4679.755466
69.22 4679.291405
70.35 4678.838585
71.49 4678.396608
72.62 4677.965098
73.76 4677.543694
74.89 4677.132052
76.03 4676.729840
77.16 4676.336746
78.31 4675.952467
79.44 4675.576714
80.57 4675.209211
81.70 4674.849694
82.84 4674.497910
83.97 4674.153614
85.10 4673.816574
86.24 4673.486567
87.37 4673.163377
88.51 4672.846799
89.64 4672.536634
90.77 4672.232693
91.90 4671.934792
93.03 4671.642756
94.16 4671.356416
95.30 4671.075610
96.43 4670.800179
97.56 4670.529975
98.70 4670.264851
99.83 4670.004667
100.97 4669.749290
102.10 4669.498588
103.23 4669.252436
104.36 4669.010713
105.49 4668.773303
106.63 4668.540092
107.76 4668.310972
108.89 4668.085837
110.02 4667.864586
111.16 4667.647120
112.29 4667.433345
113.42 4667.223168
114.56 4667.016500
115.69 4666.813256
116.82 4666.613351
117.95 4666.416706
119.08 4666.223241
120.21 4666.032882
121.35 4665.845555
122.48 4665.661189
123.62 4665.479714
124.75 4665.301064
125.88 4665.125174
127.02 4664.951981
128.15 4664.781423
129.28 4664.613442
130.41 4664.447979
131.54 4664.284980
132.68 4664.124388
133.81 4663.966152
134.94 4663.810220
136.07 4663.656542
137.20 4663.505069
138.34 4663.355755
139.47 4663.208552
140.60 4663.063418
141.74 4662.920308
142.87 4662.779179
144.00 4662.639991
145.13 4662.502703
146.26 4662.367276
147.41 4662.233672
148.54 4662.101855
149.68 4661.971787
150.81 4661.843434
151.95 4661.716761
153.08 4661.591735
154.21 4661.468322
155.34 4661.346492
156.48 4661.226214
157.62 4661.107455
158.75 4660.990189
159.89 4660.874384
161.02 4660.760014
162.16 4660.647050
163.29 4660.535466
164.42 4660.425235
165.55 4660.316333
166.68 4660.208733
167.81 4660.102412
168.95 4659.997346
170.08 4659.893511
171.22 4659.790884
172.36 4659.689444
173.50 4659.589167
174.63 4659.490034
175.76 4659.392024
176.89 4659.295115
178.03 4659.199288
179.16 4659.104524
180.29 4659.010803
181.42 4658.918107
182.55 4658.826418
183.69 4658.735717
184.83 4658.645988
185.97 4658.557213
187.10 4658.469375
188.23 4658.382459
189.37 4658.296447
190.50 4658.211325
191.63 4658.127077
192.76 4658.043687
193.89 4657.961142
195.02 4657.879427
196.16 4657.798527
197.30 4657.718429
198.43 4657.639119
199.57 4657.560583
200.70 4657.482810
201.83 4657.405785
202.97 4657.329497
204.10 4657.253933
205.23 4657.179082
206.36 4657.104930
207.49 4657.031468
208.62 4656.958683
209.76 4656.886564
210.89 4656.815100
212.02 4656.744282
213.15 4656.674097
214.29 4656.604537
215.42 4656.535590
216.55 4656.467247
217.68 4656.399499
218.82 4656.332335
219.95 4656.265747
221.08 4656.199725
222.22 4656.134260
223.36 4656.069343
224.49 4656.004966
225.63 4655.941120
226.76 4655.877797
227.89 4655.814989
229.02 4655.752687
230.15 4655.690884
231.28 4655.629572
232.42 4655.568744
233.55 4655.508391
234.69 4655.448506
235.82 4655.389083
236.95 4655.330114
238.08 4655.271592
239.22 4655.213511
240.35 4655.155864
241.48 4655.098643
242.61 4655.041844
243.74 4654.985458
244.87 4654.929481
246.01 4654.873905
247.14 4654.818726
248.27 4654.763936
249.40 4654.709531
250.54 4654.655504
251.67 4654.601850
252.80 4654.548563
253.93 4654.495638
255.06 4654.443070
256.20 4654.390853
257.33 4654.338982
258.46 4654.287452
259.60 4654.236258
260.73 4654.185396
261.86 4654.134860
263.00 4654.084645
264.13 4654.034748
265.26 4653.985163
266.39 4653.935886
267.52 4653.886913
268.65 4653.838239
269.78 4653.789860
270.92 4653.741771
272.05 4653.693970
273.18 4653.646450
274.32 4653.599210
275.45 4653.552244
276.59 4653.505548
277.72 4653.459120
278.85 4653.412955
279.98 4653.367050
281.12 4653.321400
282.25 4653.276003
283.38 4653.230855
284.52 4653.185952
285.65 4653.141292
286.78 4653.096870
287.91 4653.052683
289.05 4653.008729
290.18 4652.965004
291.31 4652.921505
292.44 4652.878229
293.58 4652.835172
294.71 4652.792332
295.85 4652.749707
296.98 4652.707292
298.11 4652.665086
299.25 4652.623085
300.38 4652.581287
301.51 4652.539689
302.64 4652.498288
303.78 4652.457082
304.91 4652.416068
306.04 4652.375244
307.18 4652.334607
308.31 4652.294155
309.45 4652.253885
310.58 4652.213794
311.71 4652.173882
312.84 4652.134144
313.97 4652.094580
315.11 4652.055186
316.24 4652.015961
317.37 4651.976902
318.51 4651.938007
319.64 4651.899275
320.78 4651.860702
321.91 4651.822288
323.05 4651.784029
324.18 4651.745925
325.31 4651.707972
326.45 4651.670170
327.57 4651.632517
328.71 4651.595009
329.84 4651.557647
330.97 4651.520427
332.11 4651.483348
333.24 4651.446408
334.38 4651.409606
335.51 4651.372940
336.64 4651.336408
337.78 4651.300009
338.91 4651.263740
340.04 4651.227601
341.17 4651.191590
342.30 4651.155705
343.43 4651.119945
344.57 4651.084308
345.70 4651.048793
346.84 4651.013398
347.97 4650.978121
349.11 4650.942963
350.24 4650.907920
351.37 4650.872992
352.50 4650.838177
353.63 4650.803474
354.77 4650.768882
355.90 4650.734399
357.03 4650.700025
358.17 4650.665757
359.30 4650.631595
360.43 4650.597537
361.56 4650.563582
362.70 4650.529730
363.83 4650.495978
364.96 4650.462326
366.09 4650.428772
367.23 4650.395316
368.36 4650.361956
369.49 4650.328692
370.63 4650.295521
371.76 4650.262444
372.90 4650.229459
374.03 4650.196565
375.17 4650.163761
376.30 4650.131046
377.43 4650.098419
378.56 4650.065879
379.70 4650.033426
380.83 4650.001057
381.97 4649.968773
383.10 4649.936572
384.24 4649.904454
385.36 4649.872418
386.50 4649.840462
387.63 4649.808586
388.76 4649.776789
389.89 4649.745070
391.02 4649.713428
392.16 4649.681863
393.30 4649.650374
394.42 4649.618960
395.55 4649.587620
396.69 4649.556353
397.82 4649.525159
398.95 4649.494037
400.08 4649.462986
401.21 4649.432005
402.34 4649.401095
403.47 4649.370253
404.60 4649.339479
405.74 4649.308773
406.87 4649.278134
408.00 4649.247561
409.12 4649.217054
410.25 4649.186612
411.38 4649.156234
412.51 4649.125920
413.63 4649.095669
414.76 4649.065480
415.89 4649.035354
417.02 4649.005288
418.16 4648.975283
419.29 4648.945338
420.42 4648.915453
421.56 4648.885627
422.69 4648.855859
423.82 4648.826148
424.95 4648.796495
426.08 4648.766899
427.22 4648.737359
428.35 4648.707875
429.48 4648.678446
430.61 4648.649071
431.74 4648.619751
432.87 4648.590484
434.00 4648.561271
435.13 4648.532110
436.26 4648.503002
437.40 4648.473945
438.53 4648.444940
439.66 4648.415985
440.80 4648.387081
441.93 4648.358226
443.06 4648.329422
444.20 4648.300666
445.33 4648.271959
446.47 4648.243300
447.60 4648.214689
448.73 4648.186125
449.87 4648.157609
451.00 4648.129139
452.13 4648.100715
453.26 4648.072337
454.40 4648.044004
455.53 4648.015717
456.67 4647.987474
457.80 4647.959275
458.93 4647.931120
460.06 4647.903009
461.19 4647.874941
462.32 4647.846916
463.46 4647.818934
464.59 4647.790994
465.72 4647.763095
466.86 4647.735239
467.99 4647.707423
469.12 4647.679648
470.26 4647.651914
471.39 4647.624220
472.52 4647.596566
473.66 4647.568951
474.79 4647.541376
475.92 4647.513840
477.05 4647.486342
478.18 4647.458883
479.32 4647.431462
480.45 4647.404079
481.59 4647.376733
482.72 4647.349425
483.85 4647.322154
484.98 4647.294919
486.11 4647.267721
487.24 4647.240559
488.37 4647.213434
489.50 4647.186343
490.64 4647.159289
491.78 4647.132269
492.91 4647.105284
494.04 4647.078334
495.18 4647.051419
496.31 4647.024537
497.44 4646.997690
498.57 4646.970876
499.70 4646.944096
500.84 4646.917349
501.97 4646.890636
503.10 4646.863955
504.23 4646.837306
505.36 4646.810690
506.50 4646.784106
507.63 4646.757554
508.76 4646.731034
509.90 4646.704546
511.03 4646.678089
512.16 4646.651663
513.29 4646.625268
514.42 4646.598903
515.56 4646.572569
516.69 4646.546266
517.82 4646.519993
518.95 4646.493749
520.09 4646.467536
521.23 4646.441352
522.36 4646.415197
523.49 4646.389072
524.63 4646.362976
525.76 4646.336909
526.89 4646.310870
528.03 4646.284861
529.16 4646.258879
530.29 4646.232926
531.42 4646.207000
532.55 4646.181103
533.69 4646.155233
534.82 4646.129391
535.95 4646.103577
537.08 4646.077790
538.21 4646.052029
539.34 4646.026296
540.48 4646.000590
541.62 4645.974910
542.75 4645.949256
543.88 4645.923630
545.01 4645.898029
546.15 4645.872454
547.28 4645.846906
548.41 4645.821383
549.54 4645.795885
550.67 4645.770414
551.81 4645.744968
552.94 4645.719547
554.08 4645.694151
555.21 4645.668780
556.35 4645.643434
557.47 4645.618113
558.61 4645.592816
559.74 4645.567544
560.87 4645.542296
562.00 4645.517073
563.13 4645.491873
564.26 4645.466698
565.40 4645.441547
566.53 4645.416419
567.66 4645.391315
568.80 4645.366235
569.93 4645.341178
571.06 4645.316144
572.20 4645.291134
573.33 4645.266147
574.46 4645.241182
575.59 4645.216241
576.72 4645.191323
577.86 4645.166427
578.99 4645.141554
580.12 4645.116703
581.26 4645.091874
582.39 4645.067068
583.52 4645.042284
584.65 4645.017523
585.79 4644.992783
586.92 4644.968065
588.05 4644.943369
589.18 4644.918695
590.32 4644.894042
591.45 4644.869411
592.59 4644.844801
593.73 4644.820212
594.86 4644.795645
595.99 4644.771099
597.12 4644.746574
598.26 4644.722070
599.39 4644.697587
600.52 4644.673125
601.66 4644.648684
602.79 4644.624263
603.92 4644.599863
605.05 4644.575483
606.19 4644.551124
607.31 4644.526785
608.45 4644.502466
609.58 4644.478168
610.71 4644.453889
611.84 4644.429631
612.97 4644.405393
614.11 4644.381174
615.25 4644.356975
616.38 4644.332796
617.51 4644.308637
618.64 4644.284497
619.77 4644.260377
620.90 4644.236276
622.04 4644.212195
623.17 4644.188133
624.30 4644.164090
625.43 4644.140066
626.56 4644.116062
627.70 4644.092076
628.83 4644.068110
629.96 4644.044162
631.09 4644.020233
632.23 4643.996323
633.36 4643.972432
634.49 4643.948559
635.62 4643.924705
636.75 4643.900869
637.88 4643.877052
639.02 4643.853253
640.15 4643.829473
641.28 4643.805711
642.42 4643.781967
643.55 4643.758241
644.69 4643.734533
645.82 4643.710844
646.95 4643.687172
648.08 4643.663518
649.21 4643.639883
650.34 4643.616265
651.49 4643.592665
652.62 4643.569082
653.75 4643.545517
654.88 4643.521970
656.01 4643.498440
657.15 4643.474928
658.28 4643.451433
659.41 4643.427956
660.55 4643.404496
661.68 4643.381053
662.81 4643.357628
663.95 4643.334220
665.08 4643.310829
666.21 4643.287455
667.35 4643.264098
668.48 4643.240758
669.61 4643.217435
670.75 4643.194128
671.88 4643.170839
673.02 4643.147567
674.15 4643.124311
675.29 4643.101072
676.42 4643.077850
677.56 4643.054644
678.69 4643.031455
679.82 4643.008282
680.95 4642.985126
682.08 4642.961986
683.21 4642.938863
684.34 4642.915756
685.48 4642.892666
686.61 4642.869591
687.76 4642.846533
688.89 4642.823491
690.02 4642.800466
691.15 4642.777456
692.29 4642.754462
693.42 4642.731485
694.55 4642.708523
695.68 4642.685578
696.81 4642.662648
697.94 4642.639734
699.07 4642.616836
700.22 4642.593954
701.35 4642.571088
702.48 4642.548237
703.62 4642.525402
704.75 4642.502583
705.88 4642.479779
707.01 4642.456990
708.14 4642.434218
709.27 4642.411461
710.41 4642.388719
711.54 4642.365992
712.68 4642.343281
713.81 4642.320586
714.94 4642.297905
716.08 4642.275240
717.21 4642.252591
718.34 4642.229956
719.48 4642.207337
720.61 4642.184732
721.74 4642.162143
722.87 4642.139569
724.00 4642.117010
725.14 4642.094466
726.27 4642.071937
727.41 4642.049423
728.54 4642.026924
729.67 4642.004440
730.81 4641.981970
731.94 4641.959515
733.07 4641.937076
734.20 4641.914650
735.33 4641.892240
736.46 4641.869844
737.61 4641.847463
738.74 4641.825097
739.87 4641.802745
741.01 4641.780408
742.14 4641.758085
743.27 4641.735777
744.41 4641.713483
745.54 4641.691204
746.68 4641.668939
747.81 4641.646689
748.95 4641.624453
750.08 4641.602231
751.22 4641.580024
752.35 4641.557830
753.48 4641.535652
754.61 4641.513487
755.74 4641.491336
756.87 4641.469200
758.00 4641.447078
759.13 4641.424970
760.27 4641.402876
761.41 4641.380796
762.55 4641.358730
763.68 4641.336678
764.81 4641.314641
765.94 4641.292617
767.08 4641.270607
768.21 4641.248611
769.34 4641.226628
770.47 4641.204660
771.60 4641.182706
772.73 4641.160765
773.87 4641.138838
775.01 4641.116925
776.14 4641.095025
777.28 4641.073140
778.41 4641.051268
779.54 4641.029409
780.67 4641.007564
781.80 4640.985733
782.93 4640.963916
784.06 4640.942112
785.19 4640.920321
786.34 4640.898544
787.47 4640.876781
788.60 4640.855031
789.74 4640.833294
790.87 4640.811571
792.00 4640.789861
793.13 4640.768165
794.26 4640.746482
795.40 4640.724812
796.53 4640.703155
797.66 4640.681512
798.80 4640.659882
799.93 4640.638266
801.07 4640.616662
802.20 4640.595072
803.33 4640.573495
804.47 4640.551931
805.60 4640.530380
806.73 4640.508843
807.86 4640.487318
808.99 4640.465807
810.13 4640.444308
811.26 4640.422823
812.40 4640.401350
813.53 4640.379891
814.66 4640.358444
815.79 4640.337011
816.93 4640.315590
818.06 4640.294182
819.20 4640.272787
820.33 4640.251405
821.46 4640.230036
822.60 4640.208680
823.74 4640.187336
824.87 4640.166005
826.00 4640.144687
827.13 4640.123382
828.26 4640.102090
829.39 4640.080810
830.52 4640.059543
831.66 4640.038288
832.79 4640.017046
833.92 4639.995817
835.07 4639.974600
836.20 4639.953396
837.33 4639.932205
838.46 4639.911026
839.60 4639.889859
840.73 4639.868705
841.85 4639.847564
842.98 4639.826435
844.11 4639.805318
845.25 4639.784214
846.38 4639.763123
847.52 4639.742044
848.66 4639.720977
849.79 4639.699922
850.92 4639.678880
852.05 4639.657850
853.18 4639.636833
854.32 4639.615827
855.45 4639.594835
856.58 4639.573854
857.71 4639.552885
858.84 4639.531929
859.98 4639.510985
861.11 4639.490053
862.25 4639.469134
863.39 4639.448226
864.52 4639.427331
865.65 4639.406448
866.78 4639.385576
867.91 4639.364717
869.05 4639.343870
870.18 4639.323035
871.31 4639.302213
872.45 4639.281402
873.58 4639.260603
874.71 4639.239816
875.84 4639.219041
876.98 4639.198278
878.11 4639.177527
879.24 4639.156788
880.38 4639.136061
881.51 4639.115345
882.64 4639.094642
883.77 4639.073950
884.91 4639.053271
886.05 4639.032603
887.18 4639.011947
888.31 4638.991302
889.45 4638.970670
890.58 4638.950049
891.71 4638.929440
892.85 4638.908843
893.98 4638.888257
895.11 4638.867683
896.25 4638.847121
897.39 4638.826571
898.52 4638.806032
899.65 4638.785505
900.78 4638.764989
901.91 4638.744485
903.04 4638.723993
904.18 4638.703512
905.31 4638.683043
906.44 4638.662585
907.58 4638.642139
908.72 4638.621704
909.85 4638.601281
910.99 4638.580869
912.12 4638.560469
913.25 4638.540081
914.38 4638.519703
915.52 4638.499338
916.65 4638.478983
917.79 4638.458640
918.92 4638.438309
920.05 4638.417988
921.19 4638.397679
922.33 4638.377382
923.46 4638.357096
924.59 4638.336821
925.72 4638.316557
926.86 4638.296305
927.99 4638.276064
929.12 4638.255834
930.25 4638.235616
931.38 4638.215409
932.51 4638.195213
933.65 4638.175028
934.79 4638.154854
935.92 4638.134692
937.06 4638.114541
938.19 4638.094401
939.32 4638.074272
940.45 4638.054154
941.58 4638.034047
942.72 4638.013951
943.85 4637.993867
944.98 4637.973793
946.12 4637.953731
947.25 4637.933680
948.38 4637.913639
949.52 4637.893610
950.65 4637.873592
951.78 4637.853584
952.92 4637.833588
954.05 4637.813603
955.18 4637.793628
956.31 4637.773665
957.44 4637.753712
958.58 4637.733771
959.72 4637.713840
960.85 4637.693920
961.98 4637.674011
963.12 4637.654113
964.25 4637.634226
965.38 4637.614350
966.52 4637.594484
967.65 4637.574629
968.78 4637.554785
969.92 4637.534952
971.06 4637.515130
972.19 4637.495318
973.32 4637.475517
974.45 4637.455727
975.58 4637.435948
976.71 4637.416179
977.84 4637.396421
978.98 4637.376674
980.11 4637.356937
981.25 4637.337212
982.39 4637.317496
983.52 4637.297792
984.65 4637.278098
985.79 4637.258414
986.92 4637.238742
988.05 4637.219079
989.18 4637.199428
990.31 4637.179787
991.44 4637.160156
992.57 4637.140536
993.70 4637.120927
994.84 4637.101328
995.98 4637.081740
997.11 4637.062162
998.25 4637.042595
999.38 4637.023038
1000.51 4637.003491
1001.64 4636.983955
1002.77 4636.964430
1003.90 4636.944915
1005.03 4636.925410
1006.16 4636.905916
1007.30 4636.886432
1008.44 4636.866958
1009.57 4636.847495
1010.71 4636.828042
1011.84 4636.808600
1012.98 4636.789168
1014.11 4636.769746
1015.24 4636.750335
1016.37 4636.730934
1017.50 4636.711543
1018.63 4636.692162
1019.77 4636.672792
1020.91 4636.653432
1022.04 4636.634082
1023.17 4636.614743
1024.30 4636.595413
1025.44 4636.576094
1026.57 4636.556786
1027.70 4636.537487
1028.83 4636.518198
1029.96 4636.498920
1031.10 4636.479652
1032.24 4636.460394
1033.37 4636.441146
1034.50 4636.421908
1035.63 4636.402681
1036.76 4636.383463
1037.90 4636.364256
1039.03 4636.345058
1040.17 4636.325871
1041.30 4636.306694
1042.44 4636.287527
1043.58 4636.268369
1044.71 4636.249222
1045.84 4636.230085
1046.98 4636.210958
1048.11 4636.191841
1049.24 4636.172734
1050.37 4636.153637
1051.50 4636.134550
1052.63 4636.115473
1053.77 4636.096406
1054.90 4636.077348
1056.04 4636.058301
1057.18 4636.039264
1058.31 4636.020236
1059.44 4636.001218
1060.57 4635.982211
1061.71 4635.963213
1062.84 4635.944225
1063.97 4635.925247
1065.10 4635.906278
1066.23 4635.887320
1067.36 4635.868371
1068.50 4635.849432
1069.64 4635.830503
1070.77 4635.811584
1071.90 4635.792675
1073.03 4635.773775
1074.17 4635.754885
1075.30 4635.736005
1076.43 4635.717134
1077.56 4635.698274
1078.69 4635.679423
1079.82 4635.660582
1080.96 4635.641750
1082.10 4635.622928
1083.23 4635.604116
1084.37 4635.585314
1085.50 4635.566521
1086.63 4635.547738
1087.76 4635.528964
1088.88 4635.510200
1090.01 4635.491446
1091.13 4635.472701
1092.27 4635.453966
1093.41 4635.435241
1094.54 4635.416525
1095.67 4635.397819
1096.80 4635.379122
1097.93 4635.360435
1099.07 4635.341757
1100.20 4635.323089
1101.33 4635.304430
1102.47 4635.285781
1103.60 4635.267142
1104.73 4635.248512
1105.87 4635.229891
1107.00 4635.211280
1108.14 4635.192679
1109.27 4635.174087
1110.40 4635.155504
1111.54 4635.136931
1112.67 4635.118367
1113.80 4635.099813
1114.94 4635.081268
1116.07 4635.062732
1117.21 4635.044206
1118.34 4635.025689
1119.48 4635.007182
1120.61 4634.988684
1121.74 4634.970195
1122.87 4634.951716
1124.00 4634.933246
1125.13 4634.914785
1126.26 4634.896334
1127.39 4634.877892
1128.53 4634.859459
1129.67 4634.841036
1130.81 4634.822622
1131.94 4634.804217
1133.07 4634.785822
1134.21 4634.767435
