0.00 4767.803705
13.99 4524.086433
27.79 4510.519451
41.51 4503.390588
55.27 4499.670269
69.01 4498.310806
82.79 4497.134153
96.57 4496.123784
110.35 4495.270370
124.16 4494.556602
137.92 4493.958280
151.67 4493.453522
165.48 4493.025064
179.27 4492.659300
193.03 4492.345444
206.81 4492.074849
220.57 4491.840528
234.33 4491.636819
248.11 4491.459144
261.87 4491.303813
275.64 4491.167842
289.42 4491.048779
303.20 4490.944562
316.98 4490.853382
330.74 4490.773587
344.49 4490.703628
358.25 4490.642075
372.02 4490.587653
385.79 4490.539286
