0.00 4767.803705
10.65 4601.828811
21.25 4561.675734
31.95 4553.277943
42.55 4550.691699
53.18 4549.652890
63.74 4549.188263
74.36 4548.965374
85.01 4548.851853
95.64 4548.791002
106.30 4548.757070
116.93 4548.737636
127.61 4548.726333
138.23 4548.719723
148.93 4548.715867
159.58 4548.713639
170.19 4548.712375
180.84 4548.711679
191.45 4548.711312
202.07 4548.711136
212.72 4548.711064
223.34 4548.711050
233.98 4548.711036
244.59 4548.711010
255.24 4548.710980
265.88 4548.710952
276.62 4548.710926
287.19 4548.710903
