0.00 20884.945186
1.40 20882.513818
2.81 20880.110218
4.22 20877.734013
5.64 20875.384835
7.05 20873.062318
8.46 20870.766105
9.87 20868.495842
11.28 20866.251181
12.70 20864.031778
14.11 20861.837295
15.53 20859.667400
16.94 20857.521762
18.35 20855.400058
19.77 20853.301968
21.19 20851.227177
22.60 20849.175376
24.01 20847.146257
25.42 20845.139520
26.84 20843.154868
28.25 20841.192006
29.66 20839.250646
31.07 20837.330504
32.48 20835.431298
33.89 20833.552753
35.30 20831.694594
36.71 20829.856553
38.12 20828.038365
39.53 20826.239768
40.94 20824.460505
42.35 20822.700322
43.76 20820.958969
45.18 20819.236197
46.59 20817.531765
48.00 20815.845431
49.41 20814.176960
50.82 20812.526117
52.23 20810.892674
53.65 20809.276402
55.06 20807.677080
56.47 20806.094486
57.88 20804.528402
59.29 20802.978616
60.70 20801.444914
62.11 20799.927090
63.52 20798.424937
64.93 20796.938254
66.34 20795.466840
67.75 20794.010499
69.16 20792.569036
70.57 20791.142260
71.98 20789.729983
73.39 20788.332017
74.81 20786.948181
76.22 20785.578291
77.63 20784.222171
79.05 20782.879644
80.45 20781.550537
81.86 20780.234679
83.27 20778.931900
84.68 20777.642034
86.09 20776.364918
87.50 20775.100390
88.92 20773.848289
90.33 20772.608458
91.74 20771.380743
93.15 20770.164990
94.56 20768.961049
95.97 20767.768769
97.38 20766.588006
98.79 20765.418613
100.20 20764.260447
101.61 20763.113369
103.02 20761.977240
104.43 20760.851921
105.85 20759.737278
107.25 20758.633178
108.66 20757.539489
110.09 20756.456082
111.53 20755.382828
112.99 20754.319602
114.45 20753.266279
115.90 20752.222737
117.37 20751.188854
118.80 20750.164511
120.22 20749.149590
121.68 20748.143976
123.11 20747.147553
124.53 20746.160208
125.95 20745.181829
127.37 20744.212308
128.78 20743.251536
130.20 20742.299405
131.61 20741.355809
133.03 20740.420645
134.44 20739.493810
135.83 20738.575203
137.21 20737.664723
138.59 20736.762271
139.97 20735.867752
141.36 20734.981067
142.78 20734.102123
144.22 20733.230827
145.65 20732.367086
147.08 20731.510808
148.52 20730.661905
149.95 20729.820288
151.37 20728.985869
152.79 20728.158562
154.21 20727.338282
155.64 20726.524946
157.07 20725.718470
158.48 20724.918772
159.90 20724.125773
161.31 20723.339392
162.71 20722.559551
164.13 20721.786172
165.54 20721.019180
166.95 20720.258499
168.36 20719.504053
169.77 20718.755771
171.17 20718.013579
172.58 20717.277406
173.99 20716.547181
175.40 20715.822835
176.83 20715.104298
178.26 20714.391504
179.69 20713.684385
181.12 20712.982876
182.55 20712.286910
183.98 20711.596424
185.41 20710.911354
186.82 20710.231637
188.23 20709.557213
189.64 20708.888018
191.06 20708.223995
192.47 20707.565082
193.89 20706.911221
195.30 20706.262354
196.71 20705.618425
198.12 20704.979377
199.53 20704.345153
200.94 20703.715699
202.35 20703.090962
203.77 20702.470886
205.18 20701.855420
206.59 20701.244511
208.00 20700.638107
209.42 20700.036159
210.83 20699.438615
212.24 20698.845426
213.66 20698.256543
215.07 20697.671917
216.48 20697.091503
217.89 20696.515251
219.31 20695.943115
220.72 20695.375051
222.13 20694.811012
223.54 20694.250953
224.95 20693.694832
226.36 20693.142603
227.77 20692.594224
229.18 20692.049653
230.59 20691.508847
232.00 20690.971766
233.41 20690.438368
234.82 20689.908612
236.23 20689.382460
237.64 20688.859872
239.05 20688.340808
240.47 20687.825231
241.88 20687.313103
243.29 20686.804386
244.70 20686.299043
246.11 20685.797037
247.51 20685.298335
248.92 20684.802897
250.34 20684.310691
251.75 20683.821681
253.17 20683.335834
254.58 20682.853114
255.98 20682.373489
257.39 20681.896927
258.80 20681.423394
260.21 20680.952858
261.62 20680.485287
263.03 20680.020650
264.44 20679.558916
265.85 20679.100055
267.26 20678.644035
268.67 20678.190828
270.08 20677.740403
271.49 20677.292733
272.90 20676.847787
274.31 20676.405537
275.72 20675.965956
277.14 20675.529015
278.55 20675.094688
279.96 20674.662946
281.37 20674.233764
282.78 20673.807115
284.19 20673.382973
285.60 20672.961313
287.01 20672.542108
288.41 20672.125333
289.82 20671.710964
291.23 20671.298976
292.64 20670.889345
294.05 20670.482048
295.46 20670.077059
296.87 20669.674357
298.28 20669.273917
299.69 20668.875717
301.09 20668.479736
302.50 20668.085949
303.91 20667.694335
305.32 20667.304873
306.73 20666.917541
308.15 20666.532317
309.55 20666.149182
310.96 20665.768113
312.37 20665.389092
313.78 20665.012096
315.19 20664.637107
316.60 20664.264104
318.01 20663.893069
319.42 20663.523981
320.83 20663.156822
322.23 20662.791573
323.64 20662.428215
325.05 20662.066730
326.46 20661.707100
327.87 20661.349306
329.28 20660.993332
330.69 20660.639158
332.10 20660.286769
333.51 20659.936147
334.92 20659.587274
336.33 20659.240135
337.74 20658.894713
339.15 20658.550991
340.56 20658.208953
341.97 20657.868583
343.38 20657.529866
344.79 20657.192785
346.20 20656.857325
347.61 20656.523472
349.03 20656.191209
350.44 20655.860523
351.85 20655.531398
353.26 20655.203820
354.67 20654.877774
356.08 20654.553246
357.50 20654.230223
358.91 20653.908689
360.32 20653.588632
361.73 20653.270037
363.14 20652.952892
364.55 20652.637183
365.96 20652.322896
367.38 20652.010021
368.78 20651.698541
370.19 20651.388447
371.60 20651.079724
373.02 20650.772360
374.43 20650.466344
375.84 20650.161663
377.25 20649.858304
378.66 20649.556257
380.07 20649.255509
381.48 20648.956049
382.89 20648.657865
384.30 20648.360946
385.71 20648.065282
387.12 20647.770859
388.53 20647.477669
389.94 20647.185699
391.35 20646.894939
392.77 20646.605379
394.18 20646.317008
395.59 20646.029816
397.00 20645.743792
398.41 20645.458926
399.82 20645.175208
401.23 20644.892629
402.64 20644.611178
404.05 20644.330846
405.47 20644.051623
406.88 20643.773499
408.29 20643.496466
409.70 20643.220514
411.11 20642.945633
412.52 20642.671815
413.93 20642.399051
415.34 20642.127332
416.75 20641.856648
418.16 20641.586992
419.57 20641.318354
420.98 20641.050727
422.39 20640.784101
423.80 20640.518468
425.22 20640.253821
426.62 20639.990150
428.03 20639.727448
429.44 20639.465708
430.85 20639.204920
432.26 20638.945077
433.67 20638.686172
435.08 20638.428196
436.49 20638.171142
437.90 20637.915004
439.31 20637.659772
440.72 20637.405441
442.13 20637.152001
443.54 20636.899448
444.95 20636.647773
446.37 20636.396969
447.78 20636.147030
449.20 20635.897948
450.63 20635.649717
452.06 20635.402330
453.49 20635.155780
454.92 20634.910061
456.34 20634.665166
457.75 20634.421088
459.16 20634.177822
460.58 20633.935361
461.99 20633.693698
463.40 20633.452828
464.81 20633.212744
466.23 20632.973440
467.64 20632.734911
469.05 20632.497150
470.47 20632.260151
471.88 20632.023909
473.29 20631.788418
474.72 20631.553671
476.15 20631.319664
477.58 20631.086391
479.01 20630.853846
480.44 20630.622024
481.88 20630.390919
483.30 20630.160526
484.71 20629.930840
486.13 20629.701855
487.54 20629.473566
488.95 20629.245969
490.36 20629.019057
491.77 20628.792826
493.18 20628.567271
494.59 20628.342386
496.00 20628.118168
497.41 20627.894611
498.82 20627.671710
500.23 20627.449460
501.65 20627.227858
503.05 20627.006897
504.46 20626.786574
505.87 20626.566884
507.28 20626.347822
508.69 20626.129384
510.10 20625.911565
511.51 20625.694362
512.93 20625.477769
514.33 20625.261783
515.75 20625.046398
517.16 20624.831612
518.57 20624.617419
519.98 20624.403815
521.39 20624.190797
522.80 20623.978361
524.21 20623.766501
525.62 20623.555215
527.02 20623.344498
528.44 20623.134346
529.84 20622.924757
531.25 20622.715724
532.66 20622.507246
534.07 20622.299318
535.48 20622.091936
536.89 20621.885097
538.31 20621.678796
539.72 20621.473031
541.12 20621.267798
542.54 20621.063093
543.95 20620.858913
545.36 20620.655254
546.77 20620.452113
548.18 20620.249487
549.59 20620.047371
551.00 20619.845762
552.41 20619.644658
553.82 20619.444055
555.23 20619.243949
556.63 20619.044338
558.05 20618.845218
559.45 20618.646586
560.86 20618.448438
562.27 20618.250773
563.68 20618.053587
565.09 20617.856875
566.51 20617.660637
567.92 20617.464868
569.33 20617.269565
570.74 20617.074726
572.16 20616.880348
573.57 20616.686427
574.98 20616.492962
576.38 20616.299948
577.79 20616.107383
579.20 20615.915266
580.61 20615.723591
582.02 20615.532358
583.45 20615.341563
584.88 20615.151203
586.32 20614.961276
587.74 20614.771779
589.15 20614.582710
590.56 20614.394066
591.97 20614.205844
593.38 20614.018042
594.79 20613.830657
596.20 20613.643687
597.61 20613.457129
599.02 20613.270982
600.43 20613.085241
601.85 20612.899905
603.26 20612.714972
604.67 20612.530439
606.09 20612.346304
607.52 20612.162565
608.96 20611.979218
610.40 20611.796262
611.84 20611.613695
613.28 20611.431514
614.70 20611.249718
616.12 20611.068302
617.53 20610.887267
618.94 20610.706609
620.35 20610.526327
621.77 20610.346417
623.18 20610.166879
624.59 20609.987710
626.01 20609.808907
627.42 20609.630470
628.83 20609.452394
630.24 20609.274680
631.65 20609.097324
633.06 20608.920325
634.48 20608.743681
635.89 20608.567389
637.30 20608.391448
638.71 20608.215856
640.13 20608.040611
641.54 20607.865711
642.95 20607.691154
644.36 20607.516938
645.77 20607.343062
647.19 20607.169523
648.59 20606.996320
650.00 20606.823450
651.41 20606.650913
652.81 20606.478707
654.22 20606.306828
655.63 20606.135277
657.04 20605.964051
658.44 20605.793148
659.86 20605.622566
661.27 20605.452305
662.68 20605.282362
664.09 20605.112736
665.51 20604.943425
666.92 20604.774427
668.33 20604.605741
669.74 20604.437364
671.15 20604.269297
672.56 20604.101536
673.97 20603.934081
675.38 20603.766929
676.79 20603.600080
678.20 20603.433531
679.61 20603.267282
681.03 20603.101330
682.44 20602.935674
683.85 20602.770313
685.26 20602.605246
686.67 20602.440470
688.08 20602.275984
689.49 20602.111787
690.90 20601.947878
692.31 20601.784254
693.72 20601.620916
695.13 20601.457860
696.54 20601.295087
697.95 20601.132594
699.36 20600.970379
700.78 20600.808443
702.19 20600.646783
703.60 20600.485398
705.01 20600.324287
706.42 20600.163448
707.84 20600.002880
709.25 20599.842582
710.66 20599.682553
712.07 20599.522791
713.49 20599.363296
714.94 20599.204065
716.39 20599.045097
717.82 20598.886392
719.25 20598.727947
720.67 20598.569763
722.08 20598.411838
723.49 20598.254170
724.91 20598.096758
726.32 20597.939601
727.73 20597.782698
729.14 20597.626048
730.55 20597.469650
731.96 20597.313502
733.37 20597.157603
734.78 20597.001953
736.19 20596.846550
737.63 20596.691393
739.07 20596.536481
740.51 20596.381812
741.94 20596.227387
743.38 20596.073202
744.81 20595.919259
746.23 20595.765555
747.64 20595.612090
749.05 20595.458862
750.47 20595.305870
751.88 20595.153114
753.29 20595.000592
754.70 20594.848303
756.12 20594.696247
757.53 20594.544422
758.94 20594.392828
760.35 20594.241462
761.76 20594.090326
763.18 20593.939416
764.59 20593.788733
766.00 20593.638276
767.41 20593.488043
768.83 20593.338033
770.24 20593.188246
771.65 20593.038681
773.06 20592.889337
774.47 20592.740213
775.89 20592.591307
777.31 20592.442620
778.72 20592.294150
780.14 20592.145896
781.55 20591.997857
782.96 20591.850033
784.37 20591.702423
785.79 20591.555026
787.20 20591.407840
788.61 20591.260865
790.02 20591.114101
791.43 20590.967545
792.84 20590.821199
794.25 20590.675060
795.66 20590.529128
797.07 20590.383402
798.48 20590.237882
799.89 20590.092565
801.30 20589.947453
802.71 20589.802543
804.12 20589.657835
805.54 20589.513329
806.94 20589.369023
808.35 20589.224916
809.76 20589.081009
811.17 20588.937300
812.59 20588.793787
814.00 20588.650472
815.41 20588.507353
816.82 20588.364429
818.24 20588.221699
819.65 20588.079163
821.06 20587.936819
822.47 20587.794669
823.88 20587.652709
825.29 20587.510940
826.70 20587.369361
828.11 20587.227972
829.52 20587.086771
830.93 20586.945759
832.34 20586.804934
833.75 20586.664294
835.17 20586.523841
836.58 20586.383574
837.99 20586.243491
839.41 20586.103591
840.81 20585.963875
842.22 20585.824342
843.64 20585.684990
845.04 20585.545819
846.46 20585.406830
847.86 20585.268020
849.27 20585.129389
850.69 20584.990937
852.10 20584.852663
853.50 20584.714566
854.91 20584.576647
856.33 20584.438903
857.73 20584.301335
859.14 20584.163942
860.56 20584.026723
861.97 20583.889678
863.38 20583.752805
864.79 20583.616106
866.20 20583.479578
867.61 20583.343222
869.02 20583.207037
870.43 20583.071021
871.84 20582.935175
873.24 20582.799499
874.65 20582.663990
876.06 20582.528650
877.48 20582.393476
878.89 20582.258470
880.29 20582.123629
881.70 20581.988955
883.12 20581.854445
884.53 20581.720100
885.94 20581.585919
887.35 20581.451902
888.76 20581.318047
890.17 20581.184354
891.58 20581.050824
892.99 20580.917455
894.41 20580.784246
895.82 20580.651198
897.23 20580.518310
898.64 20580.385580
900.05 20580.253010
901.46 20580.120598
902.87 20579.988343
904.28 20579.856246
905.69 20579.724305
907.10 20579.592520
908.51 20579.460891
909.92 20579.329418
911.33 20579.198099
912.74 20579.066935
914.16 20578.935924
915.57 20578.805066
916.98 20578.674361
918.40 20578.543809
919.81 20578.413408
921.22 20578.283159
922.63 20578.153061
924.04 20578.023113
925.45 20577.893315
926.86 20577.763666
928.27 20577.634167
929.68 20577.504816
931.10 20577.375614
932.53 20577.246559
933.98 20577.117652
935.41 20576.988891
936.84 20576.860277
938.27 20576.731809
939.68 20576.603486
941.10 20576.475308
942.51 20576.347275
943.92 20576.219386
945.34 20576.091641
946.75 20575.964039
948.16 20575.836581
949.57 20575.709265
950.99 20575.582091
952.40 20575.455059
953.82 20575.328167
955.24 20575.201417
956.67 20575.074808
958.11 20574.948338
959.54 20574.822009
960.97 20574.695818
962.40 20574.569766
963.82 20574.443853
965.24 20574.318078
966.65 20574.192440
968.06 20574.066940
969.47 20573.941577
970.90 20573.816350
972.34 20573.691260
973.78 20573.566305
975.21 20573.441485
976.64 20573.316801
978.06 20573.192251
979.48 20573.067836
980.89 20572.943554
982.30 20572.819406
983.71 20572.695391
985.13 20572.571509
986.54 20572.447759
987.95 20572.324141
989.36 20572.200655
990.77 20572.077301
992.19 20571.954077
993.61 20571.830984
995.03 20571.708022
996.46 20571.585189
997.90 20571.462486
999.33 20571.339911
1000.77 20571.217467
1002.19 20571.095150
1003.60 20570.972962
1005.01 20570.850901
1006.42 20570.728968
1007.84 20570.607163
1009.25 20570.485484
1010.66 20570.363931
1012.08 20570.242505
1013.49 20570.121205
1014.90 20570.000030
1016.31 20569.878981
1017.72 20569.758056
1019.13 20569.637256
1020.54 20569.516580
1021.95 20569.396029
1023.37 20569.275600
1024.78 20569.155295
1026.19 20569.035114
1027.59 20568.915054
1029.01 20568.795117
1030.42 20568.675302
1031.83 20568.555609
1033.25 20568.436037
1034.66 20568.316586
1036.09 20568.197257
1037.49 20568.078047
1038.91 20567.958958
1040.31 20567.839989
1041.72 20567.721139
1043.14 20567.602409
1044.55 20567.483798
1045.96 20567.365305
1047.37 20567.246931
1048.78 20567.128675
1050.19 20567.010537
1051.60 20566.892517
1053.01 20566.774613
1054.43 20566.656827
1055.83 20566.539158
1057.25 20566.421605
1058.66 20566.304168
1060.07 20566.186847
1061.48 20566.069641
1062.90 20565.952551
1064.33 20565.835576
1065.75 20565.718715
1067.18 20565.601970
1068.59 20565.485338
1070.00 20565.368820
1071.41 20565.252416
1072.82 20565.136126
1074.23 20565.019948
1075.64 20564.903884
1077.05 20564.787932
1078.46 20564.672092
1079.87 20564.556364
1081.28 20564.440749
1082.69 20564.325245
1084.10 20564.209852
1085.51 20564.094570
1086.94 20563.979399
1088.37 20563.864339
1089.81 20563.749389
1091.24 20563.634548
1092.67 20563.519818
1094.10 20563.405197
1095.52 20563.290686
1096.93 20563.176283
1098.34 20563.061989
1099.76 20562.947804
1101.17 20562.833727
1102.58 20562.719758
1103.99 20562.605897
1105.40 20562.492144
1106.81 20562.378498
1108.23 20562.264959
1109.64 20562.151527
1111.05 20562.038201
1112.46 20561.924982
1113.88 20561.811869
1115.29 20561.698862
1116.70 20561.585960
1118.11 20561.473164
1119.52 20561.360473
1120.94 20561.247888
1122.35 20561.135407
1123.76 20561.023030
1125.17 20560.910758
1126.58 20560.798590
1128.00 20560.686525
1129.43 20560.574564
1130.85 20560.462707
1132.27 20560.350953
1133.70 20560.239302
1135.13 20560.127754
1136.55 20560.016307
1137.97 20559.904964
1139.39 20559.793722
1140.80 20559.682583
1142.22 20559.571545
1143.64 20559.460608
1145.06 20559.349773
1146.49 20559.239038
1147.92 20559.128405
1149.33 20559.017872
1150.74 20558.907439
1152.16 20558.797106
1153.59 20558.686874
1155.01 20558.576741
1156.42 20558.466708
1157.84 20558.356774
1159.28 20558.246939
1160.71 20558.137203
1162.13 20558.027566
1163.55 20557.918027
1164.97 20557.808587
1166.40 20557.699245
1167.82 20557.590001
1169.25 20557.480854
1170.68 20557.371805
1172.09 20557.262853
1173.50 20557.153999
1174.92 20557.045241
1176.33 20556.936580
1177.74 20556.828016
1179.17 20556.719548
1180.59 20556.611176
1182.00 20556.502900
1183.43 20556.394719
1184.86 20556.286635
1186.27 20556.178646
1187.68 20556.070752
1189.10 20555.962953
1190.51 20555.855249
1191.98 20555.747639
1193.48 20555.640124
1194.93 20555.532703
1196.34 20555.425376
1197.76 20555.318143
1199.17 20555.211004
1200.58 20555.103958
1202.02 20554.997006
1203.43 20554.890147
1204.85 20554.783381
1206.26 20554.676708
1207.67 20554.570126
1209.09 20554.463638
1210.51 20554.357242
1211.92 20554.250938
1213.34 20554.144726
1214.76 20554.038606
1216.20 20553.932577
1217.63 20553.826640
1219.06 20553.720794
1220.49 20553.615039
1221.93 20553.509374
1223.37 20553.403801
1224.80 20553.298318
1226.22 20553.192925
1227.64 20553.087623
1229.11 20552.982410
1230.52 20552.877288
1231.94 20552.772255
1233.36 20552.667312
1234.79 20552.562457
1236.20 20552.457693
1237.62 20552.353017
1239.04 20552.248430
1240.45 20552.143931
1241.87 20552.039522
1243.28 20551.935201
1244.73 20551.830967
1246.22 20551.726822
1247.70 20551.622765
1249.19 20551.518795
1250.67 20551.414913
1252.18 20551.311118
1253.62 20551.207411
1255.03 20551.103791
1256.45 20551.000257
1257.86 20550.896810
1259.27 20550.793450
1260.68 20550.690177
1262.10 20550.586990
1263.51 20550.483888
1264.92 20550.380873
1266.34 20550.277944
1267.75 20550.175101
1269.16 20550.072342
1270.57 20549.969670
1271.98 20549.867082
1273.39 20549.764579
1274.80 20549.662162
1276.21 20549.559829
1277.62 20549.457581
1279.03 20549.355417
1280.45 20549.253338
1281.86 20549.151342
1283.27 20549.049431
1284.68 20548.947604
1286.09 20548.845860
1287.50 20548.744200
1288.92 20548.642624
1290.35 20548.541131
1291.78 20548.439721
1293.19 20548.338394
1294.60 20548.237149
1296.01 20548.135988
1297.43 20548.034909
1298.90 20547.933912
1300.35 20547.832998
1301.81 20547.732166
1303.23 20547.631416
1304.65 20547.530748
1306.06 20547.430162
1307.47 20547.329657
1308.88 20547.229233
1310.32 20547.128891
1311.74 20547.028630
1313.15 20546.928451
1314.56 20546.828352
1315.97 20546.728334
1317.38 20546.628396
1318.79 20546.528539
1320.21 20546.428762
1321.67 20546.329066
1323.16 20546.229450
1324.64 20546.129913
1326.12 20546.030457
1327.61 20545.931080
1329.10 20545.831783
1330.51 20545.732565
1331.92 20545.633427
1333.33 20545.534367
1334.74 20545.435387
1336.15 20545.336485
1337.56 20545.237662
1338.97 20545.138919
1340.38 20545.040253
1341.80 20544.941666
1343.21 20544.843157
1344.62 20544.744726
1346.03 20544.646373
1347.44 20544.548099
1348.86 20544.449902
1350.27 20544.351782
1351.68 20544.253740
1353.09 20544.155776
1354.50 20544.057888
1355.91 20543.960078
1357.33 20543.862345
1358.74 20543.764689
1360.15 20543.667109
1361.56 20543.569606
1362.98 20543.472180
1364.39 20543.374830
1365.80 20543.277556
1367.21 20543.180358
1368.63 20543.083237
1370.04 20542.986191
1371.45 20542.889221
1372.86 20542.792327
1374.27 20542.695508
1375.68 20542.598765
1377.09 20542.502097
1378.50 20542.405504
1379.91 20542.308986
1381.33 20542.212544
1382.74 20542.116176
1384.15 20542.019882
1385.56 20541.923664
1386.97 20541.827520
1388.38 20541.731450
1389.79 20541.635454
1391.20 20541.539533
1392.61 20541.443685
1394.02 20541.347912
1395.43 20541.252212
1396.85 20541.156586
1398.26 20541.061034
1399.67 20540.965555
1401.08 20540.870149
1402.49 20540.774817
1403.90 20540.679557
1405.31 20540.584371
1406.72 20540.489257
1408.13 20540.394217
1409.54 20540.299249
1410.95 20540.204353
1412.36 20540.109530
1413.77 20540.014779
1415.18 20539.920101
