0.00 20884.945186
9.09 20224.990085
18.03 20192.711194
26.99 20179.482272
35.94 20166.209173
44.89 20162.188473
53.84 20158.961209
62.78 20156.376474
71.72 20154.311421
80.67 20152.664539
89.61 20151.355709
98.54 20150.314019
107.48 20149.485297
116.41 20148.824863
125.35 20148.294168
134.29 20147.865732
143.23 20147.519753
152.16 20147.240487
161.10 20147.015231
170.04 20146.833737
178.97 20146.687736
187.92 20146.570551
196.87 20146.476763
205.83 20146.401959
214.78 20146.342521
223.72 20146.295460
232.68 20146.258290
241.62 20146.228966
250.57 20146.205809
259.52 20146.187459
268.48 20146.172834
277.44 20146.161086
286.39 20146.151412
295.34 20146.143152
304.28 20146.135756
313.23 20146.128776
