0.00 20884.945186
6.11 20511.200161
12.09 20415.189266
18.08 20379.801518
24.10 20360.475497
30.11 20347.325904
36.13 20336.979572
42.14 20328.317271
48.12 20320.849874
54.14 20314.299646
60.15 20308.485130
66.24 20303.277721
72.49 20298.581458
78.79 20294.322103
85.09 20290.440626
91.38 20286.889072
97.67 20283.627805
103.99 20280.623606
110.27 20277.848311
116.55 20275.277816
122.88 20272.891318
129.19 20270.670745
135.50 20268.600295
141.81 20266.666083
148.13 20264.855844
154.45 20263.158703
160.73 20261.564979
167.01 20260.066019
173.33 20258.654071
179.65 20257.322162
185.93 20256.064010
192.30 20254.873933
199.03 20253.746786
205.63 20252.677897
212.08 20251.663017
218.71 20250.698271
225.11 20249.780122
231.48 20248.905334
