0.00 13946.117783
0.24 13944.467026
0.49 13942.819939
0.73 13941.176512
0.97 13939.536732
1.22 13937.900589
1.46 13936.268073
1.71 13934.639172
1.95 13933.013876
2.19 13931.392174
2.43 13929.774056
2.68 13928.159510
2.92 13926.548526
3.16 13924.941094
3.41 13923.337203
3.65 13921.736843
3.90 13920.140002
4.16 13918.546671
4.41 13916.956839
4.66 13915.370496
4.90 13913.787632
5.15 13912.208236
5.39 13910.632297
5.64 13909.059807
5.88 13907.490754
6.13 13905.925128
6.37 13904.362919
6.62 13902.804118
6.87 13901.248713
7.11 13899.696696
7.36 13898.148056
7.61 13896.602782
7.86 13895.060866
8.11 13893.522297
8.35 13891.987066
8.60 13890.455161
8.84 13888.926575
9.08 13887.401297
9.33 13885.879317
9.57 13884.360625
9.82 13882.845212
10.06 13881.333069
10.30 13879.824185
10.55 13878.318551
10.79 13876.816158
11.04 13875.316995
11.28 13873.821054
11.53 13872.328325
11.77 13870.838799
12.02 13869.352466
12.26 13867.869317
12.50 13866.389342
12.75 13864.912533
12.99 13863.438880
13.24 13861.968373
13.48 13860.501004
13.73 13859.036764
13.97 13857.575642
14.21 13856.117631
14.48 13854.662721
14.75 13853.210903
15.00 13851.762168
15.24 13850.316507
15.49 13848.873911
15.74 13847.434371
15.98 13845.997878
16.23 13844.564423
16.48 13843.133998
16.73 13841.706593
16.98 13840.282201
17.23 13838.860811
17.47 13837.442416
17.72 13836.027007
17.96 13834.614574
18.21 13833.205110
18.46 13831.798605
18.70 13830.395052
18.95 13828.994441
19.19 13827.596764
19.44 13826.202013
19.70 13824.810179
19.95 13823.421254
20.20 13822.035228
20.45 13820.652095
20.70 13819.271844
20.96 13817.894469
21.20 13816.519961
21.45 13815.148311
21.70 13813.779512
21.95 13812.413554
22.20 13811.050431
22.45 13809.690132
22.70 13808.332652
22.95 13806.977981
23.19 13805.626111
23.44 13804.277034
23.68 13802.930742
23.93 13801.587227
24.18 13800.246482
24.42 13798.908498
24.66 13797.573267
24.91 13796.240781
25.15 13794.911033
25.40 13793.584014
25.64 13792.259717
25.89 13790.938134
26.13 13789.619257
26.38 13788.303079
26.63 13786.989591
26.87 13785.678786
27.12 13784.370656
27.36 13783.065194
27.60 13781.762392
27.85 13780.462242
28.09 13779.164737
28.34 13777.869869
28.58 13776.577631
28.82 13775.288015
29.07 13774.001013
29.31 13772.716619
29.56 13771.434825
29.80 13770.155623
30.04 13768.879006
30.29 13767.604966
30.53 13766.333497
30.77 13765.064591
31.01 13763.798241
31.25 13762.534438
31.50 13761.273177
31.74 13760.014450
31.99 13758.758250
32.23 13757.504569
32.47 13756.253400
32.72 13755.004737
32.96 13753.758572
33.21 13752.514898
33.45 13751.273708
33.69 13750.034995
33.93 13748.798752
34.18 13747.564972
34.42 13746.333648
34.67 13745.104772
34.92 13743.878339
35.16 13742.654342
35.40 13741.432772
35.65 13740.213624
35.89 13738.996891
36.13 13737.782566
36.38 13736.570641
36.63 13735.361111
36.87 13734.153968
37.12 13732.949207
37.37 13731.746819
37.67 13730.546798
37.94 13729.349139
38.19 13728.153833
38.44 13726.960875
38.68 13725.770258
38.93 13724.581976
39.18 13723.396021
39.42 13722.212387
39.67 13721.031068
39.91 13719.852057
40.16 13718.675348
40.40 13717.500934
40.66 13716.328810
40.90 13715.158967
41.14 13713.991401
41.39 13712.826105
41.63 13711.663072
41.87 13710.502295
42.12 13709.343770
42.36 13708.187489
42.60 13707.033447
42.84 13705.881636
43.09 13704.732051
43.33 13703.584686
43.57 13702.439534
43.82 13701.296589
44.06 13700.155845
44.30 13699.017296
44.54 13697.880936
44.79 13696.746759
45.03 13695.614758
45.28 13694.484928
45.52 13693.357262
45.76 13692.231755
46.00 13691.108401
46.25 13689.987193
46.49 13688.868126
46.73 13687.751194
46.97 13686.636390
47.22 13685.523709
47.46 13684.413146
47.70 13683.304694
47.94 13682.198347
48.18 13681.094099
48.43 13679.991945
48.67 13678.891880
48.91 13677.793896
49.16 13676.697989
49.40 13675.604153
49.64 13674.512381
49.89 13673.422669
50.13 13672.335011
50.37 13671.249401
50.61 13670.165833
50.86 13669.084301
51.10 13668.004801
51.34 13666.927327
51.58 13665.851873
51.83 13664.778433
52.07 13663.707001
52.31 13662.637574
52.55 13661.570144
52.80 13660.504707
53.04 13659.441257
53.28 13658.379788
53.52 13657.320296
53.77 13656.262774
54.01 13655.207217
54.25 13654.153621
54.49 13653.101979
54.74 13652.052287
54.98 13651.004538
55.22 13649.958728
55.46 13648.914851
55.71 13647.872903
55.95 13646.832877
56.20 13645.794769
56.44 13644.758574
56.68 13643.724285
56.92 13642.691899
57.17 13641.661409
57.41 13640.632811
57.65 13639.606100
57.89 13638.581270
58.14 13637.558316
58.38 13636.537234
58.62 13635.518018
58.86 13634.500662
59.11 13633.485163
59.35 13632.471515
59.59 13631.459713
59.83 13630.449752
60.08 13629.441627
60.32 13628.435333
60.56 13627.430865
60.81 13626.428219
61.05 13625.427389
61.29 13624.428370
61.53 13623.431157
61.77 13622.435747
62.02 13621.442133
62.26 13620.450311
62.50 13619.460276
62.74 13618.472024
62.99 13617.485549
63.23 13616.500847
63.47 13615.517912
63.71 13614.536741
63.96 13613.557329
64.20 13612.579671
64.44 13611.603761
64.68 13610.629596
64.93 13609.657171
65.17 13608.686480
65.41 13607.717521
65.66 13606.750287
65.90 13605.784774
66.14 13604.820978
66.39 13603.858893
66.63 13602.898517
66.88 13601.939843
67.12 13600.982867
67.36 13600.027586
67.61 13599.073994
67.85 13598.122086
68.10 13597.171859
68.34 13596.223307
68.58 13595.276427
68.83 13594.331214
69.07 13593.387664
69.31 13592.445772
69.56 13591.505533
69.80 13590.566944
70.05 13589.629999
70.29 13588.694696
70.54 13587.761028
70.78 13586.828992
71.02 13585.898584
71.27 13584.969800
71.51 13584.042634
71.76 13583.117083
72.00 13582.193142
72.24 13581.270808
72.49 13580.350075
72.73 13579.430941
72.97 13578.513399
73.22 13577.597448
73.46 13576.683081
73.71 13575.770295
73.95 13574.859086
74.19 13573.949450
74.43 13573.041382
74.68 13572.134879
74.92 13571.229936
75.16 13570.326549
75.41 13569.424714
75.65 13568.524427
75.89 13567.625685
76.14 13566.728482
76.38 13565.832815
76.62 13564.938680
76.86 13564.046073
77.11 13563.154990
77.35 13562.265427
77.59 13561.377379
77.83 13560.490844
78.07 13559.605817
78.32 13558.722293
78.56 13557.840270
78.80 13556.959744
79.04 13556.080709
79.28 13555.203163
79.53 13554.327102
79.77 13553.452522
80.01 13552.579418
80.25 13551.707788
80.50 13550.837626
80.74 13549.968931
80.98 13549.101696
81.23 13548.235920
81.47 13547.371598
81.71 13546.508726
81.95 13545.647301
82.20 13544.787318
82.44 13543.928775
82.68 13543.071667
82.92 13542.215990
83.17 13541.361742
83.41 13540.508918
83.65 13539.657514
83.89 13538.807527
84.14 13537.958954
84.38 13537.111790
84.62 13536.266033
84.86 13535.421677
85.11 13534.578721
85.35 13533.737160
85.59 13532.896990
85.84 13532.058209
86.08 13531.220811
86.32 13530.384795
86.56 13529.550156
86.81 13528.716892
87.05 13527.884997
87.29 13527.054469
87.54 13526.225305
87.78 13525.397500
88.02 13524.571052
88.26 13523.745957
88.51 13522.922212
88.75 13522.099812
88.99 13521.278755
89.23 13520.459037
89.48 13519.640655
89.72 13518.823605
89.96 13518.007884
90.20 13517.193489
90.45 13516.380416
90.69 13515.568662
90.94 13514.758223
91.18 13513.949097
91.42 13513.141279
91.66 13512.334767
91.91 13511.529557
92.15 13510.725646
92.39 13509.923031
92.63 13509.121708
92.87 13508.321674
93.12 13507.522926
93.36 13506.725460
93.60 13505.929274
93.84 13505.134364
94.09 13504.340727
94.33 13503.548360
94.57 13502.757259
94.81 13501.967421
95.06 13501.178844
95.30 13500.391523
95.54 13499.605456
95.79 13498.820640
96.03 13498.037072
96.27 13497.254747
96.52 13496.473664
96.76 13495.693820
97.00 13494.915210
97.24 13494.137832
97.48 13493.361683
97.73 13492.586760
97.97 13491.813059
98.21 13491.040578
98.45 13490.269314
98.69 13489.499264
98.94 13488.730423
99.18 13487.962791
99.42 13487.196363
99.66 13486.431136
99.91 13485.667108
100.15 13484.904276
100.39 13484.142636
100.64 13483.382186
100.88 13482.622922
101.12 13481.864843
101.36 13481.107944
101.61 13480.352222
101.85 13479.597676
102.09 13478.844302
102.33 13478.092097
102.57 13477.341058
102.82 13476.591182
103.06 13475.842467
103.30 13475.094909
103.55 13474.348507
103.79 13473.603256
104.03 13472.859154
104.28 13472.116198
104.52 13471.374386
104.76 13470.633714
105.00 13469.894181
105.24 13469.155782
105.49 13468.418515
105.73 13467.682377
105.97 13466.947367
106.22 13466.213480
106.46 13465.480714
106.70 13464.749067
106.95 13464.018535
107.19 13463.289116
107.43 13462.560807
107.67 13461.833606
107.91 13461.107510
108.16 13460.382515
108.40 13459.658620
108.64 13458.935822
108.88 13458.214117
109.12 13457.493504
109.37 13456.773979
109.61 13456.055541
109.85 13455.338186
110.09 13454.621912
110.33 13453.906715
110.58 13453.192595
110.82 13452.479547
111.06 13451.767569
111.31 13451.056659
111.55 13450.346814
111.79 13449.638032
112.03 13448.930310
112.27 13448.223645
112.51 13447.518035
112.76 13446.813477
113.00 13446.109969
113.24 13445.407508
113.48 13444.706091
113.72 13444.005717
113.96 13443.306383
114.20 13442.608086
114.44 13441.910823
114.69 13441.214592
114.93 13440.519391
115.17 13439.825218
115.41 13439.132069
115.65 13438.439942
115.89 13437.748835
116.14 13437.058746
116.38 13436.369671
116.62 13435.681609
116.86 13434.994557
117.11 13434.308513
117.35 13433.623473
117.60 13432.939437
117.84 13432.256401
118.08 13431.574364
118.33 13430.893322
118.57 13430.213273
118.82 13429.534215
119.06 13428.856146
119.31 13428.179063
119.55 13427.502964
119.79 13426.827846
120.04 13426.153708
120.28 13425.480547
120.53 13424.808360
120.77 13424.137145
121.02 13423.466901
121.27 13422.797624
121.51 13422.129312
121.76 13421.461964
122.00 13420.795576
122.25 13420.130147
122.49 13419.465675
122.74 13418.802156
122.98 13418.139589
123.22 13417.477971
123.47 13416.817301
123.71 13416.157576
123.96 13415.498794
124.20 13414.840952
124.45 13414.184049
124.69 13413.528082
124.94 13412.873049
125.18 13412.218948
125.43 13411.565777
125.67 13410.913532
125.92 13410.262214
126.17 13409.611818
126.42 13408.962343
126.67 13408.313788
126.92 13407.666148
127.17 13407.019424
127.42 13406.373611
127.67 13405.728709
127.91 13405.084715
128.16 13404.441628
128.41 13403.799444
128.66 13403.158162
128.91 13402.517779
129.16 13401.878294
129.41 13401.239705
129.66 13400.602009
129.91 13399.965205
130.15 13399.329290
130.40 13398.694262
130.65 13398.060120
130.90 13397.426860
131.15 13396.794482
131.39 13396.162983
131.64 13395.532361
131.89 13394.902614
132.14 13394.273740
132.38 13393.645736
132.63 13393.018602
132.88 13392.392335
133.12 13391.766933
133.37 13391.142394
133.62 13390.518716
133.87 13389.895897
134.11 13389.273935
134.36 13388.652828
134.61 13388.032575
134.85 13387.413172
135.10 13386.794619
135.35 13386.176913
135.59 13385.560053
135.84 13384.944035
136.09 13384.328860
136.34 13383.714524
136.58 13383.101026
136.83 13382.488363
137.08 13381.876534
137.33 13381.265537
137.57 13380.655371
137.82 13380.046032
138.07 13379.437520
138.31 13378.829832
138.55 13378.222967
138.80 13377.616922
139.04 13377.011697
139.28 13376.407288
139.53 13375.803694
139.77 13375.200914
140.01 13374.598945
140.25 13373.997786
140.49 13373.397434
140.74 13372.797888
140.98 13372.199147
141.23 13371.601208
141.47 13371.004069
141.71 13370.407729
141.95 13369.812186
142.20 13369.217438
142.44 13368.623484
142.68 13368.030321
142.93 13367.437947
143.17 13366.846362
143.41 13366.255563
143.65 13365.665549
143.90 13365.076317
144.14 13364.487866
144.38 13363.900194
144.62 13363.313300
144.86 13362.727182
145.11 13362.141837
145.35 13361.557265
145.59 13360.973464
145.83 13360.390431
146.08 13359.808165
146.32 13359.226665
146.57 13358.645929
146.81 13358.065955
147.05 13357.486741
147.29 13356.908285
147.54 13356.330587
147.78 13355.753644
148.03 13355.177454
148.27 13354.602017
148.51 13354.027330
148.75 13353.453391
149.00 13352.880199
149.24 13352.307753
149.48 13351.736051
149.72 13351.165090
149.97 13350.594870
150.21 13350.025389
150.45 13349.456644
150.69 13348.888636
150.93 13348.321361
151.18 13347.754819
151.42 13347.189007
151.67 13346.623924
151.91 13346.059569
152.15 13345.495940
152.39 13344.933035
152.64 13344.370853
152.88 13343.809392
153.12 13343.248650
153.37 13342.688627
153.62 13342.129320
153.87 13341.570728
154.11 13341.012849
154.36 13340.455682
154.61 13339.899225
154.86 13339.343477
155.11 13338.788436
155.36 13338.234101
155.61 13337.680469
155.85 13337.127541
156.10 13336.575313
156.35 13336.023784
156.60 13335.472954
156.85 13334.922820
157.10 13334.373381
157.35 13333.824636
157.60 13333.276582
157.85 13332.729220
158.09 13332.182546
158.34 13331.636559
158.59 13331.091259
158.84 13330.546643
159.09 13330.002710
159.34 13329.459459
159.59 13328.916887
159.83 13328.374995
160.08 13327.833780
160.33 13327.293240
160.58 13326.753375
160.83 13326.214183
161.07 13325.675662
161.32 13325.137812
161.57 13324.600629
161.81 13324.064114
162.06 13323.528265
162.31 13322.993080
162.55 13322.458558
162.80 13321.924697
163.05 13321.391497
163.30 13320.858955
163.54 13320.327070
163.79 13319.795842
164.04 13319.265267
164.28 13318.735346
164.53 13318.206077
164.78 13317.677457
165.03 13317.149487
165.27 13316.622165
165.52 13316.095488
165.77 13315.569457
166.01 13315.044068
166.26 13314.519323
166.51 13313.995217
166.76 13313.471752
167.00 13312.948924
167.25 13312.426733
167.49 13311.905177
167.74 13311.384256
167.98 13310.863967
168.22 13310.344310
168.47 13309.825283
168.71 13309.306884
168.96 13308.789113
169.20 13308.271968
169.44 13307.755448
169.69 13307.239551
169.93 13306.724277
170.17 13306.209623
170.42 13305.695590
170.66 13305.182174
170.91 13304.669376
171.15 13304.157193
171.40 13303.645625
171.64 13303.134669
171.88 13302.624326
172.13 13302.114594
172.37 13301.605471
172.62 13301.096956
172.86 13300.589048
173.10 13300.081745
173.35 13299.575047
173.59 13299.068952
173.84 13298.563459
174.08 13298.058566
174.32 13297.554273
174.57 13297.050578
174.81 13296.547480
175.05 13296.044978
175.30 13295.543070
175.54 13295.041755
175.78 13294.541032
176.03 13294.040900
176.27 13293.541358
176.51 13293.042404
176.76 13292.544038
177.00 13292.046257
177.24 13291.549061
177.49 13291.052448
177.73 13290.556418
177.97 13290.060970
178.22 13289.566101
178.46 13289.071811
178.71 13288.578099
178.96 13288.084963
179.21 13287.592402
179.46 13287.100416
179.71 13286.609003
179.96 13286.118161
180.20 13285.627890
180.45 13285.138189
180.70 13284.649056
180.95 13284.160490
181.20 13283.672490
181.44 13283.185055
181.69 13282.698184
181.94 13282.211875
182.19 13281.726128
182.44 13281.240941
182.69 13280.756313
182.93 13280.272244
183.18 13279.788731
183.43 13279.305775
183.67 13278.823373
183.92 13278.341525
184.16 13277.860229
184.40 13277.379484
184.65 13276.899290
184.89 13276.419645
185.13 13275.940549
185.38 13275.461999
185.66 13274.983995
185.90 13274.506536
186.15 13274.029621
186.39 13273.553248
186.64 13273.077417
186.88 13272.602126
187.12 13272.127375
187.37 13271.653162
187.64 13271.179486
187.91 13270.706347
188.16 13270.233743
188.41 13269.761673
188.67 13269.290135
188.92 13268.819130
189.18 13268.348656
189.43 13267.878712
189.69 13267.409296
189.94 13266.940408
190.19 13266.472047
190.44 13266.004212
190.69 13265.536901
190.94 13265.070114
191.19 13264.603849
191.44 13264.138107
191.68 13263.672884
191.93 13263.208181
192.18 13262.743997
192.44 13262.280330
192.69 13261.817180
192.95 13261.354545
193.20 13260.892424
193.46 13260.430817
193.71 13259.969723
193.96 13259.509140
194.20 13259.049067
194.45 13258.589504
194.69 13258.130449
194.94 13257.671902
195.18 13257.213861
195.43 13256.756326
195.68 13256.299295
195.92 13255.842768
196.17 13255.386743
196.42 13254.931220
196.67 13254.476198
196.92 13254.021675
197.17 13253.567651
197.43 13253.114125
197.68 13252.661095
197.93 13252.208562
198.18 13251.756523
198.42 13251.304978
198.67 13250.853925
198.92 13250.403365
199.16 13249.953296
199.40 13249.503718
199.65 13249.054628
199.89 13248.606026
200.13 13248.157912
200.38 13247.710284
200.62 13247.263142
200.86 13246.816484
201.11 13246.370309
201.35 13245.924618
201.59 13245.479408
201.84 13245.034678
202.09 13244.590429
202.34 13244.146659
202.61 13243.703367
202.86 13243.260552
203.11 13242.818213
203.36 13242.376349
203.63 13241.934960
203.88 13241.494045
204.13 13241.053602
204.38 13240.613631
204.62 13240.174131
204.89 13239.735100
205.14 13239.296539
205.39 13238.858446
205.63 13238.420821
205.87 13237.983661
206.12 13237.546968
206.36 13237.110739
206.60 13236.674974
206.85 13236.239671
207.09 13235.804831
207.33 13235.370452
207.58 13234.936534
207.83 13234.503074
208.08 13234.070074
208.33 13233.637531
208.58 13233.205445
208.83 13232.773815
209.07 13232.342640
209.32 13231.911920
209.57 13231.481653
209.81 13231.051839
210.06 13230.622477
210.30 13230.193565
210.55 13229.765104
210.79 13229.337092
211.03 13228.909528
211.27 13228.482412
211.52 13228.055743
211.76 13227.629520
212.00 13227.203742
212.24 13226.778408
212.48 13226.353518
212.72 13225.929070
212.96 13225.505065
213.20 13225.081500
213.45 13224.658375
213.69 13224.235690
213.93 13223.813444
214.18 13223.391635
214.42 13222.970264
214.67 13222.549329
214.92 13222.128829
215.17 13221.708763
215.41 13221.289132
215.66 13220.869933
215.91 13220.451167
216.16 13220.032832
216.40 13219.614927
216.65 13219.197453
216.90 13218.780408
217.16 13218.363791
217.40 13217.947601
217.65 13217.531838
217.90 13217.116501
218.14 13216.701590
218.39 13216.287102
218.64 13215.873039
218.88 13215.459398
219.12 13215.046179
219.37 13214.633382
219.61 13214.221005
219.86 13213.809048
220.10 13213.397510
220.34 13212.986391
220.59 13212.575689
220.83 13212.165403
221.08 13211.755534
221.32 13211.346080
221.56 13210.937041
221.81 13210.528415
222.05 13210.120203
222.29 13209.712403
222.54 13209.305014
222.78 13208.898036
223.03 13208.491469
223.27 13208.085311
223.51 13207.679561
223.76 13207.274219
224.00 13206.869285
224.24 13206.464757
224.49 13206.060634
224.73 13205.656917
224.98 13205.253604
225.22 13204.850695
225.46 13204.448188
225.71 13204.046083
225.95 13203.644380
226.19 13203.243078
226.44 13202.842176
226.68 13202.441673
226.92 13202.041568
227.16 13201.641862
227.41 13201.242552
227.65 13200.843640
227.89 13200.445122
228.13 13200.047000
228.38 13199.649273
228.62 13199.251939
228.86 13198.854998
229.10 13198.458449
229.34 13198.062292
229.59 13197.666526
229.83 13197.271150
230.07 13196.876164
230.31 13196.481567
230.56 13196.087357
230.80 13195.693536
231.04 13195.300101
231.28 13194.907052
231.52 13194.514389
231.77 13194.122111
232.01 13193.730217
232.25 13193.338706
232.49 13192.947578
232.73 13192.556833
232.98 13192.166468
233.22 13191.776485
233.46 13191.386882
233.70 13190.997658
233.94 13190.608813
234.19 13190.220347
234.43 13189.832258
234.67 13189.444545
234.92 13189.057209
235.16 13188.670249
235.40 13188.283664
235.64 13187.897453
235.89 13187.511615
236.13 13187.126151
236.37 13186.741059
236.61 13186.356338
236.86 13185.971989
237.10 13185.588010
237.34 13185.204401
237.58 13184.821162
237.82 13184.438291
238.07 13184.055787
238.31 13183.673651
238.55 13183.291882
238.79 13182.910479
239.04 13182.529441
239.28 13182.148768
239.52 13181.768459
239.77 13181.388514
240.01 13181.008932
240.25 13180.629712
240.49 13180.250854
240.74 13179.872357
240.98 13179.494220
241.22 13179.116443
241.46 13178.739026
241.71 13178.361967
241.95 13177.985266
242.19 13177.608923
242.43 13177.232937
242.68 13176.857307
242.92 13176.482032
243.16 13176.107113
243.40 13175.732548
243.65 13175.358337
243.89 13174.984479
244.13 13174.610973
244.37 13174.237820
244.62 13173.865019
244.86 13173.492568
