0.00 1950.530855
0.97 1945.204495
1.94 1940.753071
2.90 1937.004992
3.87 1933.825184
4.84 1931.106888
5.81 1928.765379
6.78 1926.733138
7.75 1924.956134
8.71 1923.390948
9.68 1922.002540
10.65 1920.762510
11.62 1919.647739
12.59 1918.639330
13.55 1917.721765
14.52 1916.882244
15.49 1916.110166
16.46 1915.396709
17.43 1914.734499
18.40 1914.117344
19.37 1913.540023
20.33 1912.998109
21.30 1912.487838
22.28 1912.005987
23.24 1911.549790
24.21 1911.116860
25.18 1910.705127
26.15 1910.312787
27.12 1909.938265
28.10 1909.580174
29.07 1909.237293
30.04 1908.908535
31.02 1908.592938
31.99 1908.289638
32.96 1907.997860
33.94 1907.716908
34.91 1907.446149
35.88 1907.185012
36.85 1906.932972
37.82 1906.689553
38.79 1906.454317
39.76 1906.226859
40.73 1906.006807
41.69 1905.793817
42.66 1905.587566
43.63 1905.387758
44.61 1905.194113
45.58 1905.006370
46.54 1904.824286
47.52 1904.647630
48.48 1904.476186
49.45 1904.309750
50.42 1904.148128
51.38 1903.991138
52.35 1903.838608
53.32 1903.690371
54.29 1903.546273
55.26 1903.406164
56.23 1903.269901
57.20 1903.137351
58.17 1903.008383
59.14 1902.882873
60.11 1902.760704
61.08 1902.641761
62.04 1902.525937
63.01 1902.413127
63.98 1902.303232
64.95 1902.196154
65.92 1902.091801
66.89 1901.990086
67.86 1901.890921
68.82 1901.794226
69.79 1901.699921
70.76 1901.607930
71.73 1901.518178
72.70 1901.430596
73.67 1901.345115
74.64 1901.261669
75.61 1901.180194
76.57 1901.100629
77.54 1901.022915
78.51 1900.946994
79.48 1900.872811
80.45 1900.800313
81.42 1900.729447
82.39 1900.660164
83.36 1900.592416
84.33 1900.526156
85.30 1900.461338
86.26 1900.397919
87.23 1900.335857
88.20 1900.275111
89.17 1900.215641
90.14 1900.157409
91.11 1900.100377
92.08 1900.044511
93.04 1899.989775
94.01 1899.936135
94.98 1899.883559
95.95 1899.832016
96.92 1899.781475
97.89 1899.731905
98.85 1899.683280
99.82 1899.635569
100.79 1899.588748
101.76 1899.542790
102.72 1899.497669
103.69 1899.453360
104.66 1899.409842
105.63 1899.367089
106.60 1899.325080
107.57 1899.283793
108.53 1899.243208
109.50 1899.203304
110.47 1899.164060
111.44 1899.125460
112.40 1899.087482
113.37 1899.050111
114.34 1899.013328
115.31 1898.977116
116.27 1898.941459
117.24 1898.906341
118.20 1898.871747
119.17 1898.837662
120.14 1898.804071
121.12 1898.770961
122.09 1898.738317
123.07 1898.706126
124.04 1898.674376
125.01 1898.643054
125.99 1898.612148
126.96 1898.581647
127.93 1898.551538
128.90 1898.521811
129.87 1898.492455
130.84 1898.463460
131.81 1898.434816
132.78 1898.406513
133.75 1898.378541
134.72 1898.350891
135.68 1898.323554
136.65 1898.296522
137.62 1898.269786
138.59 1898.243338
139.56 1898.217170
140.53 1898.191274
141.49 1898.165643
142.46 1898.140270
143.43 1898.115146
144.40 1898.090267
145.37 1898.065625
146.34 1898.041213
147.30 1898.017025
148.27 1897.993055
149.24 1897.969298
150.21 1897.945747
151.18 1897.922397
152.15 1897.899243
153.11 1897.876279
154.08 1897.853500
155.05 1897.830901
156.02 1897.808477
156.99 1897.786225
157.95 1897.764138
158.92 1897.742213
159.89 1897.720446
160.86 1897.698832
161.82 1897.677367
162.79 1897.656047
163.76 1897.634869
164.73 1897.613829
165.70 1897.592923
166.66 1897.572148
167.63 1897.551500
168.60 1897.530976
169.57 1897.510572
170.53 1897.490287
171.50 1897.470116
172.47 1897.450057
173.44 1897.430107
174.41 1897.410262
175.38 1897.390521
176.34 1897.370881
177.31 1897.351339
178.28 1897.331893
179.25 1897.312540
180.21 1897.293278
181.18 1897.274105
182.15 1897.255018
183.12 1897.236015
184.09 1897.217095
185.05 1897.198255
186.03 1897.179493
186.99 1897.160807
187.96 1897.142196
188.93 1897.123658
189.90 1897.105190
190.87 1897.086792
191.84 1897.068461
192.81 1897.050195
193.77 1897.031995
194.74 1897.013857
195.71 1896.995780
196.68 1896.977763
197.65 1896.959804
198.62 1896.941903
199.58 1896.924057
200.55 1896.906266
201.52 1896.888528
202.49 1896.870841
203.45 1896.853206
204.42 1896.835620
205.39 1896.818083
206.36 1896.800593
207.33 1896.783149
208.30 1896.765751
209.26 1896.748397
210.23 1896.731086
211.20 1896.713817
212.17 1896.696590
213.14 1896.679404
214.12 1896.662257
215.09 1896.645149
216.07 1896.628079
217.04 1896.611046
218.01 1896.594049
218.99 1896.577088
219.96 1896.560162
220.93 1896.543270
221.90 1896.526411
222.87 1896.509585
223.84 1896.492791
224.81 1896.476029
225.78 1896.459297
226.75 1896.442596
227.72 1896.425924
228.69 1896.409281
229.65 1896.392667
230.62 1896.376081
231.59 1896.359522
232.56 1896.342989
233.53 1896.326483
234.50 1896.310003
235.46 1896.293549
236.43 1896.277119
237.40 1896.260714
238.37 1896.244332
239.34 1896.227974
240.31 1896.211640
241.27 1896.195328
242.24 1896.179038
243.21 1896.162770
244.18 1896.146524
245.15 1896.130299
246.12 1896.114095
247.09 1896.097912
248.06 1896.081748
249.02 1896.065605
249.99 1896.049480
250.96 1896.033376
251.93 1896.017290
252.90 1896.001222
253.87 1895.985173
254.84 1895.969142
255.80 1895.953129
256.77 1895.937133
257.73 1895.921154
258.70 1895.905192
259.66 1895.889247
260.63 1895.873319
261.60 1895.857407
262.57 1895.841511
263.53 1895.825630
264.50 1895.809765
265.47 1895.793916
266.44 1895.778082
267.41 1895.762262
268.37 1895.746458
269.34 1895.730668
270.31 1895.714892
271.28 1895.699131
272.25 1895.683384
273.22 1895.667650
274.18 1895.651931
275.15 1895.636224
276.12 1895.620532
277.09 1895.604852
278.06 1895.589185
279.02 1895.573532
279.99 1895.557891
280.96 1895.542263
281.93 1895.526647
282.90 1895.511044
283.87 1895.495453
284.83 1895.479874
285.80 1895.464307
286.78 1895.448752
287.75 1895.433209
288.72 1895.417678
289.69 1895.402158
290.66 1895.386649
291.62 1895.371152
292.59 1895.355666
293.56 1895.340191
294.53 1895.324727
295.50 1895.309274
296.47 1895.293832
297.44 1895.278401
298.40 1895.262980
299.37 1895.247570
300.34 1895.232170
301.31 1895.216781
302.28 1895.201402
303.25 1895.186034
304.21 1895.170675
305.18 1895.155327
306.15 1895.139988
307.12 1895.124660
308.09 1895.109342
309.06 1895.094033
310.04 1895.078734
311.01 1895.063445
311.98 1895.048165
312.96 1895.032895
313.93 1895.017635
314.90 1895.002384
315.87 1894.987142
316.84 1894.971910
317.81 1894.956686
318.78 1894.941473
319.75 1894.926268
320.73 1894.911072
321.70 1894.895886
322.67 1894.880708
323.63 1894.865540
324.60 1894.850380
325.57 1894.835230
326.54 1894.820088
327.51 1894.804955
328.48 1894.789831
329.45 1894.774715
330.41 1894.759608
331.38 1894.744510
332.35 1894.729420
333.32 1894.714339
334.28 1894.699267
335.25 1894.684203
336.22 1894.669147
337.19 1894.654100
338.16 1894.639061
339.12 1894.624031
340.09 1894.609008
341.06 1894.593994
342.03 1894.578989
342.99 1894.563992
343.96 1894.549002
344.93 1894.534021
345.90 1894.519048
346.86 1894.504084
347.83 1894.489127
348.79 1894.474178
349.76 1894.459238
350.73 1894.444305
351.70 1894.429381
352.66 1894.414464
353.63 1894.399555
354.60 1894.384655
355.57 1894.369762
356.55 1894.354877
357.52 1894.340000
358.49 1894.325130
359.46 1894.310269
360.43 1894.295415
361.39 1894.280569
362.36 1894.265731
363.33 1894.250900
364.30 1894.236077
365.27 1894.221262
366.24 1894.206455
367.20 1894.191655
368.17 1894.176863
369.14 1894.162078
370.11 1894.147301
371.08 1894.132532
372.04 1894.117770
373.01 1894.103016
373.97 1894.088269
374.94 1894.073530
375.91 1894.058798
376.88 1894.044074
377.85 1894.029357
378.81 1894.014647
379.78 1893.999946
380.75 1893.985251
381.72 1893.970564
382.69 1893.955884
383.66 1893.941212
384.63 1893.926547
385.60 1893.911890
386.56 1893.897240
387.53 1893.882597
388.50 1893.867961
389.47 1893.853333
390.43 1893.838712
391.40 1893.824099
392.37 1893.809493
393.34 1893.794894
394.31 1893.780302
395.28 1893.765717
396.25 1893.751140
397.22 1893.736570
398.19 1893.722007
399.16 1893.707451
400.14 1893.692903
401.11 1893.678362
402.09 1893.663828
403.06 1893.649301
404.04 1893.634781
405.02 1893.620269
406.00 1893.605763
406.99 1893.591265
407.95 1893.576774
408.92 1893.562289
409.89 1893.547813
410.86 1893.533343
411.83 1893.518880
412.80 1893.504424
413.77 1893.489975
414.74 1893.475534
415.71 1893.461099
416.67 1893.446672
417.64 1893.432251
418.61 1893.417838
419.58 1893.403432
420.55 1893.389032
421.51 1893.374640
422.48 1893.360255
423.45 1893.345876
424.42 1893.331505
425.39 1893.317140
426.36 1893.302783
427.33 1893.288433
428.30 1893.274089
429.27 1893.259753
430.24 1893.245423
431.21 1893.231100
432.17 1893.216785
433.14 1893.202476
434.11 1893.188174
435.08 1893.173879
436.04 1893.159591
437.01 1893.145310
437.98 1893.131036
438.95 1893.116768
439.92 1893.102508
440.89 1893.088254
441.85 1893.074007
442.82 1893.059768
443.79 1893.045535
444.76 1893.031308
445.73 1893.017089
446.70 1893.002877
447.67 1892.988671
448.64 1892.974472
449.61 1892.960280
450.58 1892.946095
451.55 1892.931917
452.52 1892.917745
453.49 1892.903581
454.46 1892.889423
455.43 1892.875272
456.39 1892.861127
457.36 1892.846990
458.33 1892.832859
459.30 1892.818735
460.27 1892.804618
461.24 1892.790507
462.21 1892.776403
463.18 1892.762306
464.14 1892.748216
465.11 1892.734133
466.08 1892.720056
467.05 1892.705986
468.02 1892.691923
468.98 1892.677866
469.95 1892.663816
470.93 1892.649773
471.89 1892.635737
472.86 1892.621707
473.83 1892.607684
474.80 1892.593668
475.76 1892.579658
476.73 1892.565655
477.70 1892.551659
478.67 1892.537670
479.64 1892.523687
480.61 1892.509710
481.57 1892.495741
482.54 1892.481778
483.51 1892.467822
484.48 1892.453872
485.44 1892.439929
486.41 1892.425993
487.38 1892.412063
488.35 1892.398140
489.32 1892.384224
490.28 1892.370314
491.25 1892.356411
492.23 1892.342514
493.22 1892.328624
494.20 1892.314741
495.17 1892.300864
496.14 1892.286994
497.12 1892.273130
498.09 1892.259273
499.07 1892.245423
500.05 1892.231579
501.02 1892.217742
501.99 1892.203912
502.96 1892.190087
503.93 1892.176270
504.90 1892.162459
505.87 1892.148655
506.84 1892.134857
507.80 1892.121066
508.77 1892.107281
509.74 1892.093503
510.71 1892.079731
511.68 1892.065966
512.65 1892.052207
513.63 1892.038455
514.60 1892.024710
515.57 1892.010971
516.53 1891.997238
517.50 1891.983512
518.47 1891.969793
519.44 1891.956080
520.41 1891.942373
521.37 1891.928673
522.34 1891.914980
523.30 1891.901293
524.27 1891.887613
525.23 1891.873938
526.20 1891.860271
527.16 1891.846610
528.12 1891.832955
529.09 1891.819307
530.06 1891.805665
531.03 1891.792030
532.00 1891.778401
532.96 1891.764779
533.93 1891.751163
534.90 1891.737554
535.87 1891.723951
536.84 1891.710354
537.81 1891.696764
538.78 1891.683181
539.74 1891.669603
540.71 1891.656032
541.68 1891.642468
542.65 1891.628910
543.62 1891.615358
544.58 1891.601813
545.55 1891.588274
546.52 1891.574742
547.48 1891.561216
548.45 1891.547696
549.42 1891.534183
550.38 1891.520676
551.35 1891.507176
552.32 1891.493682
553.29 1891.480194
554.25 1891.466713
555.22 1891.453238
556.19 1891.439769
557.16 1891.426307
558.13 1891.412851
559.10 1891.399402
560.07 1891.385959
561.04 1891.372522
562.01 1891.359091
562.97 1891.345667
563.94 1891.332249
564.91 1891.318838
565.88 1891.305433
566.85 1891.292034
567.82 1891.278641
568.79 1891.265255
569.75 1891.251875
570.72 1891.238502
571.69 1891.225135
572.66 1891.211774
573.63 1891.198419
574.59 1891.185071
575.55 1891.171729
576.52 1891.158393
577.49 1891.145064
578.46 1891.131740
579.43 1891.118423
580.40 1891.105113
581.37 1891.091809
582.34 1891.078510
583.30 1891.065219
584.27 1891.051933
585.24 1891.038654
586.22 1891.025381
587.19 1891.012114
588.16 1890.998853
589.14 1890.985599
590.11 1890.972351
591.08 1890.959109
592.06 1890.945874
593.03 1890.932644
594.00 1890.919421
594.97 1890.906204
595.93 1890.892994
596.90 1890.879789
597.87 1890.866591
598.84 1890.853399
599.80 1890.840213
600.77 1890.827034
601.74 1890.813860
602.71 1890.800693
603.68 1890.787532
604.65 1890.774378
605.62 1890.761229
606.58 1890.748087
607.55 1890.734950
608.52 1890.721820
609.49 1890.708696
610.46 1890.695579
611.42 1890.682467
612.39 1890.669362
613.36 1890.656263
614.33 1890.643170
615.30 1890.630083
616.27 1890.617002
617.23 1890.603927
618.20 1890.590859
619.17 1890.577797
620.14 1890.564741
621.11 1890.551690
622.08 1890.538647
623.05 1890.525609
624.01 1890.512577
624.98 1890.499552
625.95 1890.486532
626.92 1890.473519
627.89 1890.460512
628.86 1890.447511
629.82 1890.434516
630.79 1890.421527
631.76 1890.408544
632.73 1890.395568
633.70 1890.382597
634.67 1890.369633
635.64 1890.356675
636.60 1890.343722
637.57 1890.330776
638.54 1890.317836
639.51 1890.304902
640.47 1890.291974
641.44 1890.279052
642.41 1890.266136
643.38 1890.253227
644.35 1890.240323
645.32 1890.227425
646.28 1890.214534
647.25 1890.201648
648.22 1890.188769
649.19 1890.175895
650.16 1890.163028
651.12 1890.150166
652.09 1890.137311
653.06 1890.124462
654.03 1890.111619
655.00 1890.098781
655.96 1890.085950
656.93 1890.073125
657.90 1890.060306
658.87 1890.047492
659.84 1890.034685
660.80 1890.021884
661.77 1890.009089
662.74 1889.996300
663.71 1889.983517
664.68 1889.970739
665.64 1889.957968
666.61 1889.945203
667.57 1889.932444
668.54 1889.919691
669.50 1889.906943
670.47 1889.894202
671.44 1889.881467
672.41 1889.868737
673.37 1889.856014
674.34 1889.843296
675.31 1889.830585
676.28 1889.817880
677.24 1889.805180
678.21 1889.792486
679.18 1889.779799
680.16 1889.767117
681.13 1889.754441
682.10 1889.741771
683.08 1889.729107
684.05 1889.716449
685.02 1889.703797
686.00 1889.691151
686.97 1889.678511
687.94 1889.665877
688.91 1889.653248
689.88 1889.640626
690.85 1889.628009
691.82 1889.615399
692.79 1889.602794
693.76 1889.590195
694.73 1889.577602
695.70 1889.565015
696.66 1889.552434
697.63 1889.539859
698.60 1889.527289
699.56 1889.514726
700.53 1889.502168
701.50 1889.489616
702.47 1889.477070
703.44 1889.464530
704.40 1889.451996
705.37 1889.439468
706.34 1889.426945
707.31 1889.414429
708.28 1889.401918
709.25 1889.389413
710.22 1889.376914
711.19 1889.364421
712.16 1889.351933
713.12 1889.339452
714.09 1889.326976
715.06 1889.314506
716.03 1889.302042
717.00 1889.289584
717.97 1889.277132
718.94 1889.264685
719.90 1889.252245
720.87 1889.239810
721.84 1889.227380
722.80 1889.214957
723.77 1889.202540
724.74 1889.190128
725.71 1889.177722
726.68 1889.165322
727.65 1889.152928
728.61 1889.140539
729.58 1889.128156
730.56 1889.115779
731.52 1889.103408
732.49 1889.091043
733.46 1889.078683
734.43 1889.066329
735.40 1889.053981
736.37 1889.041639
737.34 1889.029302
738.31 1889.016971
739.27 1889.004646
740.24 1888.992327
741.21 1888.980014
742.18 1888.967706
743.15 1888.955404
744.11 1888.943107
745.08 1888.930817
746.05 1888.918532
747.02 1888.906253
747.99 1888.893980
748.95 1888.881712
749.92 1888.869450
750.89 1888.857194
751.86 1888.844943
752.83 1888.832698
753.80 1888.820459
754.77 1888.808226
755.73 1888.795998
756.70 1888.783776
757.67 1888.771560
758.64 1888.759350
759.61 1888.747145
760.57 1888.734946
761.54 1888.722752
762.51 1888.710564
763.48 1888.698382
764.45 1888.686206
765.41 1888.674035
766.38 1888.661870
767.35 1888.649710
768.32 1888.637557
769.29 1888.625409
770.26 1888.613266
771.22 1888.601129
772.20 1888.588998
773.17 1888.576873
774.15 1888.564753
775.12 1888.552639
776.09 1888.540530
777.07 1888.528427
778.04 1888.516330
779.02 1888.504239
779.99 1888.492153
780.96 1888.480072
781.93 1888.467998
782.89 1888.455928
783.86 1888.443865
784.83 1888.431807
785.80 1888.419755
786.77 1888.407708
787.74 1888.395667
788.71 1888.383632
789.67 1888.371602
790.64 1888.359578
791.61 1888.347559
792.58 1888.335546
793.55 1888.323539
794.52 1888.311537
795.49 1888.299540
796.45 1888.287550
797.42 1888.275565
798.39 1888.263585
799.36 1888.251611
800.33 1888.239643
801.30 1888.227680
802.27 1888.215723
803.24 1888.203771
804.20 1888.191825
805.17 1888.179884
806.14 1888.167949
807.11 1888.156020
808.08 1888.144096
809.04 1888.132177
810.04 1888.120265
811.01 1888.108357
811.98 1888.096456
812.94 1888.084559
813.91 1888.072669
814.88 1888.060783
815.85 1888.048904
816.82 1888.037030
817.79 1888.025161
818.76 1888.013298
819.72 1888.001440
820.69 1887.989588
821.66 1887.977742
822.62 1887.965901
823.59 1887.954065
824.56 1887.942235
825.53 1887.930411
826.50 1887.918592
827.46 1887.906778
828.43 1887.894970
829.40 1887.883167
830.37 1887.871370
831.33 1887.859578
832.30 1887.847792
833.27 1887.836012
834.24 1887.824236
835.21 1887.812467
836.17 1887.800702
837.14 1887.788944
838.11 1887.777190
839.08 1887.765442
840.05 1887.753700
841.02 1887.741963
841.99 1887.730231
842.96 1887.718505
843.93 1887.706785
844.90 1887.695069
845.87 1887.683359
846.84 1887.671655
847.80 1887.659956
848.77 1887.648263
849.74 1887.636575
850.70 1887.624892
851.67 1887.613215
852.64 1887.601543
853.60 1887.589877
854.57 1887.578216
855.54 1887.566560
856.51 1887.554910
857.48 1887.543265
858.45 1887.531626
859.41 1887.519992
860.38 1887.508363
861.35 1887.496740
862.32 1887.485122
863.29 1887.473510
864.26 1887.461903
865.22 1887.450301
866.20 1887.438705
867.17 1887.427114
868.14 1887.415528
869.11 1887.403948
870.08 1887.392374
871.05 1887.380804
872.03 1887.369240
873.00 1887.357681
873.97 1887.346128
874.94 1887.334580
875.91 1887.323037
876.87 1887.311500
877.84 1887.299968
878.81 1887.288442
879.78 1887.276920
880.75 1887.265404
881.72 1887.253894
882.69 1887.242389
883.66 1887.230889
884.62 1887.219394
885.59 1887.207905
886.55 1887.196421
887.52 1887.184942
888.49 1887.173469
889.46 1887.162001
890.42 1887.150538
891.39 1887.139081
892.36 1887.127629
893.32 1887.116182
894.29 1887.104740
895.26 1887.093304
896.22 1887.081873
897.19 1887.070448
898.15 1887.059027
899.12 1887.047612
900.09 1887.036202
901.06 1887.024798
902.03 1887.013399
903.00 1887.002005
903.97 1886.990616
904.94 1886.979233
905.90 1886.967855
906.87 1886.956482
907.84 1886.945114
908.80 1886.933752
909.77 1886.922395
910.74 1886.911043
911.71 1886.899696
912.68 1886.888355
913.64 1886.877019
914.61 1886.865688
915.58 1886.854362
916.55 1886.843042
917.52 1886.831727
918.48 1886.820417
919.45 1886.809112
920.42 1886.797813
921.39 1886.786519
922.36 1886.775230
923.32 1886.763946
924.29 1886.752667
925.26 1886.741394
926.23 1886.730126
927.20 1886.718863
928.17 1886.707605
929.14 1886.696352
930.11 1886.685105
931.08 1886.673863
932.05 1886.662626
933.01 1886.651394
933.98 1886.640168
934.95 1886.628946
935.92 1886.617730
936.89 1886.606519
937.85 1886.595313
938.82 1886.584112
939.79 1886.572917
940.76 1886.561727
941.73 1886.550541
942.70 1886.539361
943.67 1886.528187
944.64 1886.517017
945.61 1886.505852
946.57 1886.494693
947.54 1886.483539
948.51 1886.472390
949.48 1886.461246
950.45 1886.450107
951.41 1886.438973
952.38 1886.427845
953.35 1886.416721
954.32 1886.405603
955.29 1886.394490
956.26 1886.383382
957.22 1886.372279
958.19 1886.361181
959.17 1886.350089
960.14 1886.339001
961.12 1886.327919
962.09 1886.316841
963.06 1886.305769
964.04 1886.294702
965.01 1886.283640
965.98 1886.272583
966.95 1886.261532
967.93 1886.250485
968.90 1886.239443
