0.00 1950.530855
5.64 1821.531872
11.19 1812.797091
16.74 1808.703439
22.28 1807.476123
27.82 1806.410220
33.36 1805.469911
38.90 1804.656913
44.44 1803.961554
49.98 1803.365722
55.52 1802.853164
61.06 1802.410931
66.60 1802.028764
72.14 1801.698181
77.68 1801.411864
83.26 1801.163485
88.81 1800.947581
94.35 1800.759447
99.90 1800.595063
105.44 1800.451048
110.98 1800.324607
116.55 1800.213439
122.09 1800.115593
127.63 1800.029381
133.17 1799.953331
138.97 1799.886172
144.55 1799.826846
150.31 1799.774482
155.86 1799.728375
