0.00 1219.601487
0.09 1211.941560
0.18 1205.209973
0.27 1199.264783
0.36 1193.988249
0.45 1189.282429
0.53 1185.065614
0.62 1181.269433
0.71 1177.836504
0.80 1174.718520
0.89 1171.874685
0.98 1169.270439
1.07 1166.876413
1.16 1164.667563
1.25 1162.622470
1.34 1160.722749
1.43 1158.952573
1.52 1157.298267
1.61 1155.747979
1.70 1154.291402
1.79 1152.919543
1.88 1151.624530
1.97 1150.399449
2.06 1149.238207
2.14 1148.135421
2.24 1147.086315
2.33 1146.086644
2.42 1145.132618
2.51 1144.220848
2.61 1143.348291
2.70 1142.512210
2.79 1141.710134
2.88 1140.939828
2.97 1140.199264
3.07 1139.486598
3.16 1138.800148
3.25 1138.138378
3.35 1137.499881
3.44 1136.883364
3.53 1136.287642
3.62 1135.711617
3.71 1135.154279
3.80 1134.614692
3.90 1134.091989
3.99 1133.585365
4.08 1133.094069
4.17 1132.617403
4.28 1132.154717
4.37 1131.705401
4.46 1131.268885
4.55 1130.844634
4.64 1130.432147
4.73 1130.030951
4.82 1129.640604
4.91 1129.260685
5.00 1128.890801
5.09 1128.530577
5.18 1128.179661
5.27 1127.837719
5.36 1127.504432
5.47 1127.179501
5.59 1126.862640
5.68 1126.553575
5.77 1126.252049
5.86 1125.957815
5.95 1125.670637
6.04 1125.390290
6.13 1125.116560
6.22 1124.849241
6.30 1124.588137
6.39 1124.333058
6.48 1124.083826
6.57 1123.840266
6.66 1123.602212
6.75 1123.369505
6.84 1123.141990
6.93 1122.919520
7.02 1122.701953
7.11 1122.489152
7.20 1122.280984
7.29 1122.077322
7.38 1121.878043
7.47 1121.683029
7.57 1121.492165
7.66 1121.305341
7.75 1121.122449
7.84 1120.943386
7.93 1120.768051
8.02 1120.596349
8.11 1120.428184
8.21 1120.263467
8.30 1120.102108
8.39 1119.944023
8.48 1119.789129
8.57 1119.637345
8.66 1119.488594
8.75 1119.342800
8.84 1119.199889
8.93 1119.059790
9.02 1118.922434
9.11 1118.787754
9.20 1118.655684
9.29 1118.526160
9.38 1118.399122
9.48 1118.274508
9.57 1118.152260
9.66 1118.032322
9.75 1117.914638
9.84 1117.799155
9.93 1117.685819
10.03 1117.574580
10.12 1117.465389
10.21 1117.358196
10.30 1117.252956
10.40 1117.149621
10.49 1117.048148
10.58 1116.948493
10.68 1116.850613
10.77 1116.754467
10.86 1116.660015
10.95 1116.567218
11.04 1116.476038
11.12 1116.386436
11.21 1116.298377
11.30 1116.211826
11.39 1116.126747
11.48 1116.043107
11.57 1115.960874
11.66 1115.880015
11.75 1115.800498
11.84 1115.722294
11.93 1115.645373
12.02 1115.569705
12.11 1115.495262
12.20 1115.422017
12.29 1115.349943
12.37 1115.279013
12.46 1115.209201
12.55 1115.140483
12.64 1115.072835
12.73 1115.006231
12.82 1114.940650
12.91 1114.876067
12.99 1114.812461
13.08 1114.749811
13.17 1114.688095
13.26 1114.627292
13.35 1114.567382
13.44 1114.508346
13.53 1114.450164
13.62 1114.392818
13.71 1114.336289
13.80 1114.280558
13.89 1114.225610
13.98 1114.171426
14.07 1114.117989
14.16 1114.065285
14.25 1114.013296
14.34 1113.962007
14.43 1113.911402
14.52 1113.861468
14.61 1113.812189
14.70 1113.763551
14.79 1113.715541
14.88 1113.668145
14.97 1113.621349
15.06 1113.575141
15.15 1113.529508
15.24 1113.484437
15.32 1113.439918
15.41 1113.395937
15.50 1113.352484
15.59 1113.309546
15.68 1113.267114
15.77 1113.225176
15.86 1113.183722
15.95 1113.142742
16.04 1113.102225
16.13 1113.062162
16.22 1113.022542
16.30 1112.983358
16.39 1112.944599
16.48 1112.906257
16.57 1112.868322
16.66 1112.830787
16.75 1112.793643
16.84 1112.756882
16.92 1112.720495
17.01 1112.684475
17.10 1112.648814
17.19 1112.613505
17.28 1112.578540
17.37 1112.543913
17.46 1112.509616
17.55 1112.475642
17.63 1112.441985
17.72 1112.408638
17.81 1112.375595
17.90 1112.342850
17.99 1112.310396
18.08 1112.278227
18.17 1112.246338
18.26 1112.214723
18.34 1112.183375
18.44 1112.152291
18.53 1112.121464
18.62 1112.090889
18.71 1112.060561
18.80 1112.030476
18.89 1112.000627
18.98 1111.971010
19.07 1111.941621
19.16 1111.912455
19.25 1111.883508
19.34 1111.854775
19.42 1111.826251
19.51 1111.797933
19.60 1111.769816
19.69 1111.741897
19.78 1111.714172
19.87 1111.686636
19.96 1111.659285
20.05 1111.632117
20.14 1111.605128
20.23 1111.578313
20.32 1111.551670
20.41 1111.525195
20.50 1111.498885
20.59 1111.472737
20.68 1111.446746
20.77 1111.420912
20.86 1111.395229
20.95 1111.369696
21.04 1111.344309
21.13 1111.319065
21.22 1111.293963
21.31 1111.268998
21.40 1111.244168
21.49 1111.219471
21.58 1111.194905
21.67 1111.170466
21.77 1111.146152
21.86 1111.121961
21.96 1111.097890
22.05 1111.073937
22.14 1111.050100
22.24 1111.026377
22.33 1111.002765
22.42 1110.979263
22.52 1110.955868
22.62 1110.932578
22.72 1110.909391
22.82 1110.886306
22.91 1110.863320
23.00 1110.840432
23.09 1110.817639
23.17 1110.794941
23.26 1110.772334
23.35 1110.749818
23.44 1110.727391
23.53 1110.705051
23.62 1110.682797
23.71 1110.660626
23.80 1110.638538
23.89 1110.616531
23.98 1110.594603
24.07 1110.572754
24.16 1110.550981
24.25 1110.529283
24.34 1110.507659
24.43 1110.486107
24.52 1110.464627
24.60 1110.443216
24.69 1110.421874
24.78 1110.400600
24.87 1110.379392
24.96 1110.358249
25.05 1110.337169
25.14 1110.316153
25.23 1110.295198
25.31 1110.274304
25.40 1110.253469
25.49 1110.232693
25.58 1110.211975
25.67 1110.191312
25.76 1110.170706
25.85 1110.150154
25.94 1110.129655
26.03 1110.109209
26.11 1110.088815
26.20 1110.068472
26.29 1110.048179
26.38 1110.027935
26.47 1110.007739
26.56 1109.987591
26.65 1109.967490
26.74 1109.947435
26.82 1109.927425
26.91 1109.907459
27.00 1109.887537
27.09 1109.867659
27.18 1109.847822
27.27 1109.828027
27.36 1109.808274
27.44 1109.788560
27.53 1109.768886
27.62 1109.749251
27.71 1109.729655
27.80 1109.710096
27.89 1109.690575
27.98 1109.671090
28.07 1109.651641
28.15 1109.632227
28.24 1109.612849
28.33 1109.593505
28.42 1109.574194
28.51 1109.554917
28.60 1109.535673
28.69 1109.516461
28.78 1109.497281
28.86 1109.478133
28.95 1109.459015
29.04 1109.439928
29.13 1109.420870
29.22 1109.401843
29.31 1109.382844
29.40 1109.363874
29.48 1109.344932
29.57 1109.326018
29.66 1109.307132
29.75 1109.288272
29.84 1109.269440
29.93 1109.250633
30.02 1109.231853
30.11 1109.213098
30.20 1109.194368
30.29 1109.175663
30.38 1109.156983
30.47 1109.138327
30.56 1109.119695
30.65 1109.101086
30.74 1109.082501
30.83 1109.063938
30.92 1109.045398
31.01 1109.026881
31.10 1109.008385
31.19 1108.989912
31.28 1108.971459
31.36 1108.953028
31.45 1108.934618
31.54 1108.916229
31.63 1108.897860
31.72 1108.879511
31.81 1108.861182
31.89 1108.842873
31.98 1108.824583
32.07 1108.806312
32.16 1108.788061
32.25 1108.769828
32.33 1108.751613
32.42 1108.733417
32.51 1108.715239
32.60 1108.697079
32.69 1108.678937
32.78 1108.660812
32.87 1108.642704
32.95 1108.624614
33.04 1108.606540
33.13 1108.588483
33.22 1108.570443
33.31 1108.552419
33.40 1108.534411
33.49 1108.516420
33.58 1108.498444
33.67 1108.480484
33.76 1108.462539
33.84 1108.444610
33.93 1108.426696
34.02 1108.408797
34.11 1108.390913
34.20 1108.373043
34.29 1108.355189
34.38 1108.337348
34.46 1108.319522
34.55 1108.301711
34.64 1108.283913
34.73 1108.266130
34.82 1108.248360
34.91 1108.230604
35.00 1108.212861
35.08 1108.195132
35.17 1108.177416
35.26 1108.159714
35.35 1108.142024
35.44 1108.124348
35.53 1108.106684
35.62 1108.089033
35.71 1108.071395
35.79 1108.053770
35.88 1108.036157
35.97 1108.018556
36.06 1108.000967
36.15 1107.983391
36.24 1107.965827
36.33 1107.948274
36.42 1107.930734
36.50 1107.913205
36.59 1107.895688
36.68 1107.878183
36.77 1107.860689
36.86 1107.843207
36.95 1107.825736
37.03 1107.808277
37.12 1107.790828
37.21 1107.773391
37.30 1107.755965
37.39 1107.738550
37.48 1107.721145
37.57 1107.703752
37.65 1107.686369
37.74 1107.668997
37.83 1107.651636
37.92 1107.634285
38.01 1107.616945
38.10 1107.599615
38.19 1107.582296
38.28 1107.564987
38.38 1107.547688
38.48 1107.530400
38.58 1107.513121
38.67 1107.495853
38.76 1107.478594
38.85 1107.461346
38.95 1107.444108
39.04 1107.426879
39.13 1107.409660
39.22 1107.392451
39.31 1107.375252
39.40 1107.358062
39.49 1107.340882
39.58 1107.323712
39.67 1107.306551
39.76 1107.289400
39.85 1107.272258
39.94 1107.255125
40.03 1107.238002
40.12 1107.220888
40.20 1107.203783
40.29 1107.186688
40.38 1107.169601
40.47 1107.152524
40.56 1107.135456
40.65 1107.118397
40.74 1107.101347
40.83 1107.084306
40.91 1107.067274
41.00 1107.050251
41.09 1107.033236
41.18 1107.016231
41.27 1106.999234
41.36 1106.982246
41.45 1106.965267
41.54 1106.948296
41.62 1106.931335
41.71 1106.914382
41.80 1106.897437
41.89 1106.880501
41.98 1106.863574
42.07 1106.846655
42.16 1106.829744
42.25 1106.812842
42.34 1106.795949
42.42 1106.779064
42.51 1106.762187
42.60 1106.745319
42.69 1106.728459
42.78 1106.711607
42.87 1106.694763
42.96 1106.677928
43.05 1106.661101
43.13 1106.644282
43.22 1106.627472
43.31 1106.610669
43.40 1106.593875
43.49 1106.577089
43.58 1106.560311
43.67 1106.543541
43.76 1106.526779
43.85 1106.510025
43.93 1106.493279
44.02 1106.476541
44.11 1106.459811
44.20 1106.443089
44.29 1106.426375
44.38 1106.409669
44.47 1106.392970
44.56 1106.376280
44.65 1106.359597
44.74 1106.342922
44.83 1106.326255
44.92 1106.309596
45.01 1106.292945
45.10 1106.276301
45.19 1106.259665
45.28 1106.243037
45.37 1106.226417
45.47 1106.209804
45.56 1106.193199
45.65 1106.176601
45.75 1106.160012
45.84 1106.143430
45.94 1106.126855
46.03 1106.110288
46.12 1106.093729
46.21 1106.077177
46.30 1106.060633
46.39 1106.044096
46.48 1106.027567
46.57 1106.011046
46.66 1105.994532
46.76 1105.978025
46.85 1105.961526
46.94 1105.945034
47.03 1105.928550
47.13 1105.912073
47.22 1105.895604
47.32 1105.879142
47.42 1105.862688
47.51 1105.846241
47.60 1105.829801
47.71 1105.813369
47.80 1105.796944
47.89 1105.780526
47.99 1105.764116
48.08 1105.747713
48.17 1105.731318
48.27 1105.714929
48.36 1105.698548
48.45 1105.682175
48.54 1105.665808
48.63 1105.649449
48.72 1105.633097
48.81 1105.616753
48.90 1105.600415
48.99 1105.584085
49.08 1105.567762
49.17 1105.551447
49.26 1105.535138
49.35 1105.518837
49.44 1105.502542
49.53 1105.486255
49.62 1105.469976
49.71 1105.453703
49.80 1105.437438
49.89 1105.421179
49.98 1105.404928
50.07 1105.388684
50.16 1105.372447
50.25 1105.356217
50.34 1105.339994
50.43 1105.323778
50.52 1105.307570
50.60 1105.291368
50.69 1105.275174
50.78 1105.258986
50.87 1105.242806
50.96 1105.226633
51.05 1105.210466
51.14 1105.194307
51.22 1105.178155
51.31 1105.162010
51.40 1105.145871
51.49 1105.129740
51.58 1105.113616
51.67 1105.097499
51.76 1105.081388
51.85 1105.065285
51.94 1105.049189
52.03 1105.033100
52.12 1105.017017
52.21 1105.000942
52.30 1104.984873
52.39 1104.968812
52.48 1104.952757
52.57 1104.936709
52.65 1104.920669
52.74 1104.904635
52.83 1104.888608
52.92 1104.872588
53.01 1104.856574
53.10 1104.840568
53.18 1104.824569
53.27 1104.808576
53.36 1104.792591
53.45 1104.776612
53.54 1104.760640
53.63 1104.744675
53.72 1104.728716
53.80 1104.712765
53.89 1104.696820
53.98 1104.680883
54.07 1104.664952
54.16 1104.649028
54.25 1104.633110
54.34 1104.617200
54.42 1104.601296
54.51 1104.585399
54.60 1104.569509
54.69 1104.553626
54.78 1104.537750
54.87 1104.521880
54.95 1104.506017
55.04 1104.490161
55.13 1104.474311
55.22 1104.458468
55.31 1104.442633
55.40 1104.426803
55.49 1104.410981
55.58 1104.395165
55.67 1104.379356
55.75 1104.363554
55.84 1104.347759
55.93 1104.331970
56.02 1104.316188
56.11 1104.300412
56.20 1104.284644
56.28 1104.268882
56.37 1104.253126
56.46 1104.237378
56.55 1104.221636
56.64 1104.205901
56.73 1104.190172
56.82 1104.174450
56.90 1104.158735
56.99 1104.143027
57.08 1104.127325
57.17 1104.111630
57.26 1104.095941
57.35 1104.080259
57.44 1104.064584
57.52 1104.048915
57.61 1104.033253
57.70 1104.017598
57.79 1104.001949
57.88 1103.986307
57.97 1103.970672
58.05 1103.955043
58.14 1103.939420
58.23 1103.923805
58.32 1103.908196
58.41 1103.892593
58.50 1103.876997
58.59 1103.861408
58.67 1103.845825
58.76 1103.830249
58.85 1103.814680
58.94 1103.799117
59.03 1103.783560
59.12 1103.768010
59.21 1103.752467
59.29 1103.736930
59.38 1103.721400
59.47 1103.705877
59.56 1103.690360
59.65 1103.674849
59.74 1103.659345
59.82 1103.643848
59.91 1103.628357
60.00 1103.612872
60.09 1103.597394
60.18 1103.581923
60.27 1103.566458
60.35 1103.551000
60.44 1103.535548
60.53 1103.520103
60.62 1103.504664
60.71 1103.489232
60.80 1103.473806
60.89 1103.458386
60.98 1103.442974
61.07 1103.427567
61.16 1103.412167
61.25 1103.396774
61.34 1103.381387
61.43 1103.366007
61.51 1103.350633
61.60 1103.335265
61.69 1103.319904
61.78 1103.304549
61.88 1103.289201
61.97 1103.273859
62.06 1103.258524
62.14 1103.243195
62.23 1103.227873
62.32 1103.212557
62.41 1103.197247
62.50 1103.181944
62.59 1103.166647
62.68 1103.151357
62.77 1103.136073
62.86 1103.120796
62.95 1103.105525
63.03 1103.090260
63.12 1103.075002
63.21 1103.059750
63.30 1103.044504
63.39 1103.029265
63.48 1103.014033
63.57 1102.998806
63.66 1102.983586
63.75 1102.968373
63.84 1102.953166
63.93 1102.937965
64.02 1102.922770
64.10 1102.907582
64.19 1102.892401
64.28 1102.877225
64.37 1102.862056
64.46 1102.846894
64.55 1102.831737
64.64 1102.816588
64.73 1102.801444
64.81 1102.786307
64.90 1102.771176
64.99 1102.756051
65.08 1102.740933
65.17 1102.725821
65.26 1102.710715
65.34 1102.695616
65.43 1102.680523
65.52 1102.665436
65.61 1102.650356
65.70 1102.635282
65.79 1102.620214
65.88 1102.605153
65.96 1102.590097
66.05 1102.575048
66.14 1102.560006
66.23 1102.544970
66.32 1102.529940
66.41 1102.514916
66.50 1102.499898
66.58 1102.484887
66.67 1102.469882
66.76 1102.454884
66.85 1102.439891
66.94 1102.424905
67.03 1102.409925
67.11 1102.394952
67.20 1102.379984
67.29 1102.365023
67.38 1102.350068
67.47 1102.335120
67.56 1102.320177
67.64 1102.305241
67.73 1102.290311
67.82 1102.275387
67.91 1102.260470
68.00 1102.245559
68.09 1102.230654
68.18 1102.215755
68.26 1102.200862
68.35 1102.185976
68.44 1102.171096
68.53 1102.156222
68.62 1102.141354
68.71 1102.126492
68.80 1102.111637
68.88 1102.096788
68.97 1102.081945
69.06 1102.067108
69.15 1102.052277
69.24 1102.037453
69.33 1102.022635
69.41 1102.007823
69.50 1101.993017
69.59 1101.978217
69.68 1101.963423
69.77 1101.948636
69.86 1101.933855
69.94 1101.919079
70.03 1101.904310
70.12 1101.889548
70.21 1101.874791
70.30 1101.860040
70.39 1101.845296
70.48 1101.830558
70.56 1101.815826
70.65 1101.801100
70.74 1101.786380
70.83 1101.771666
70.92 1101.756959
71.01 1101.742257
71.10 1101.727562
71.19 1101.712873
71.28 1101.698189
71.37 1101.683512
71.45 1101.668841
71.54 1101.654177
71.63 1101.639518
71.72 1101.624865
71.81 1101.610219
71.90 1101.595578
71.99 1101.580944
72.08 1101.566316
72.17 1101.551694
72.26 1101.537077
72.34 1101.522467
72.43 1101.507863
72.52 1101.493266
72.61 1101.478674
72.70 1101.464088
72.79 1101.449508
72.88 1101.434935
72.97 1101.420367
73.06 1101.405806
73.15 1101.391250
73.24 1101.376701
73.32 1101.362157
73.41 1101.347620
73.50 1101.333089
73.59 1101.318563
73.68 1101.304044
73.77 1101.289531
73.86 1101.275024
73.94 1101.260522
74.03 1101.246027
74.12 1101.231538
74.21 1101.217055
74.30 1101.202578
74.39 1101.188107
74.48 1101.173642
74.56 1101.159183
74.65 1101.144730
74.74 1101.130283
74.83 1101.115841
74.92 1101.101406
75.01 1101.086977
75.10 1101.072554
75.19 1101.058137
75.28 1101.043726
75.37 1101.029321
75.46 1101.014921
75.55 1101.000528
75.63 1100.986141
75.72 1100.971760
75.81 1100.957384
75.90 1100.943015
75.99 1100.928652
76.08 1100.914294
76.16 1100.899943
76.25 1100.885597
76.34 1100.871257
76.43 1100.856924
76.52 1100.842596
76.61 1100.828274
76.70 1100.813958
76.78 1100.799648
76.87 1100.785344
76.96 1100.771046
77.05 1100.756754
77.14 1100.742468
77.23 1100.728188
77.31 1100.713913
77.40 1100.699645
77.49 1100.685382
77.58 1100.671126
77.67 1100.656875
77.76 1100.642630
77.85 1100.628391
77.93 1100.614158
78.02 1100.599931
78.11 1100.585710
78.20 1100.571494
78.29 1100.557285
78.38 1100.543081
78.46 1100.528883
78.55 1100.514691
78.64 1100.500505
78.73 1100.486325
78.82 1100.472151
78.91 1100.457983
79.00 1100.443820
79.08 1100.429663
79.17 1100.415513
79.26 1100.401368
79.35 1100.387229
79.44 1100.373095
79.53 1100.358968
79.62 1100.344846
79.70 1100.330731
79.79 1100.316621
79.88 1100.302517
79.97 1100.288419
80.06 1100.274326
80.15 1100.260240
80.24 1100.246159
80.32 1100.232084
80.41 1100.218015
80.50 1100.203952
80.59 1100.189894
80.68 1100.175843
80.77 1100.161797
80.86 1100.147757
80.95 1100.133722
81.04 1100.119694
81.12 1100.105671
81.21 1100.091654
81.30 1100.077643
81.39 1100.063638
81.48 1100.049639
81.57 1100.035645
81.66 1100.021657
81.75 1100.007675
81.83 1099.993699
81.92 1099.979728
82.01 1099.965763
82.10 1099.951804
82.19 1099.937851
82.28 1099.923903
82.37 1099.909962
82.45 1099.896026
82.54 1099.882095
82.63 1099.868171
82.72 1099.854252
82.81 1099.840339
82.90 1099.826432
82.99 1099.812530
83.08 1099.798635
83.17 1099.784745
83.26 1099.770860
83.35 1099.756982
83.43 1099.743109
83.52 1099.729242
83.61 1099.715380
83.70 1099.701525
83.79 1099.687675
83.88 1099.673830
83.97 1099.659992
84.05 1099.646159
84.14 1099.632332
84.23 1099.618510
84.32 1099.604695
84.41 1099.590885
84.50 1099.577080
84.59 1099.563282
84.67 1099.549489
84.76 1099.535701
84.85 1099.521920
84.94 1099.508144
85.03 1099.494374
85.12 1099.480609
85.20 1099.466850
85.29 1099.453097
85.38 1099.439350
85.47 1099.425608
85.56 1099.411871
85.65 1099.398141
85.74 1099.384416
85.82 1099.370697
85.91 1099.356983
86.00 1099.343275
86.09 1099.329573
86.18 1099.315876
86.27 1099.302185
86.35 1099.288500
86.44 1099.274820
86.53 1099.261146
86.62 1099.247478
86.71 1099.233815
86.80 1099.220158
86.89 1099.206506
86.97 1099.192860
87.06 1099.179220
87.15 1099.165585
87.24 1099.151956
87.33 1099.138333
87.42 1099.124715
87.50 1099.111103
87.59 1099.097496
87.68 1099.083895
87.77 1099.070300
87.86 1099.056710
87.95 1099.043125
88.03 1099.029547
88.12 1099.015974
88.21 1099.002406
88.30 1098.988844
88.39 1098.975288
88.48 1098.961737
88.56 1098.948192
88.65 1098.934652
88.74 1098.921118
88.83 1098.907590
88.92 1098.894067
89.01 1098.880550
89.10 1098.867038
89.18 1098.853532
89.27 1098.840031
89.36 1098.826536
89.45 1098.813046
