0.00 1219.601487
1.78 1031.707473
3.53 1024.883560
5.27 1020.157368
7.01 1016.426694
8.61 1013.473336
10.35 1011.124250
12.09 1009.254298
13.83 1007.774179
15.57 1006.616279
17.30 1005.726004
19.04 1005.057148
20.78 1004.568534
22.43 1004.222433
24.17 1003.984763
25.92 1003.826126
27.66 1003.722729
29.40 1003.656565
31.14 1003.614785
32.88 1003.588641
34.63 1003.572379
36.37 1003.562304
38.10 1003.556076
39.85 1003.552233
41.59 1003.549865
43.33 1003.548404
45.07 1003.547505
46.81 1003.546951
48.55 1003.546611
50.29 1003.546401
52.04 1003.546271
53.78 1003.546192
55.52 1003.546142
57.27 1003.546113
59.02 1003.546094
