0.00 1219.601487
1.11 1090.237891
2.22 1069.399091
3.35 1057.913933
4.44 1049.442148
5.56 1043.274753
6.64 1038.776898
7.75 1035.489815
8.85 1033.081675
9.94 1031.311026
11.03 1030.002873
12.11 1029.030980
13.21 1028.304502
14.36 1027.758054
15.55 1027.344458
16.71 1027.029535
17.89 1026.788386
19.04 1026.602762
20.27 1026.459196
21.44 1026.347680
22.65 1026.260726
23.86 1026.192695
25.01 1026.139309
26.17 1026.097306
27.35 1026.064184
28.50 1026.038013
29.72 1026.038013
30.89 1026.038013
32.04 1026.038013
33.24 1026.038012
34.40 1026.037983
35.55 1026.035893
36.78 1026.017705
37.98 1026.004442
39.18 1025.995190
40.41 1025.989065
41.72 1025.985233
42.92 1025.982952
44.10 1025.981640
