0.00 14855.089808
0.32 14802.416596
0.65 14754.713400
0.97 14711.421853
1.30 14672.053079
1.63 14636.178409
1.96 14603.421408
2.30 14573.451019
2.63 14545.975667
2.96 14520.738147
3.30 14497.511251
3.63 14476.093956
3.95 14456.308138
4.28 14437.995730
4.61 14421.016246
4.94 14405.244643
5.26 14390.569450
5.59 14376.891150
5.92 14364.120756
6.25 14352.178588
6.57 14340.993184
6.90 14330.500363
7.23 14320.642393
7.55 14311.367265
7.88 14302.628065
8.22 14294.382405
8.55 14286.591932
8.88 14279.221895
9.20 14272.240763
9.53 14265.619883
9.86 14259.333182
10.19 14253.356903
10.52 14247.669366
10.85 14242.250762
11.18 14237.082966
11.50 14232.149374
11.83 14227.434748
12.16 14222.925096
12.48 14218.607546
12.81 14214.470241
13.14 14210.502252
13.47 14206.693485
13.80 14203.034611
14.13 14199.516994
14.46 14196.132636
14.79 14192.874115
15.12 14189.734538
15.45 14186.707495
15.78 14183.787023
16.11 14180.967564
16.44 14178.243934
16.76 14175.611291
17.09 14173.065110
17.42 14170.601160
17.74 14168.215473
18.07 14165.904332
18.40 14163.664253
18.73 14161.491956
19.05 14159.384363
19.38 14157.338577
19.71 14155.351868
20.04 14153.421664
20.36 14151.545540
20.69 14149.721204
21.02 14147.946495
21.35 14146.219362
21.68 14144.537872
22.01 14142.900190
22.34 14141.304579
22.67 14139.749390
23.00 14138.233058
23.33 14136.754099
23.65 14135.311102
23.98 14133.902721
24.31 14132.527682
24.64 14131.184767
24.96 14129.872818
25.29 14128.590730
25.62 14127.337451
25.94 14126.111971
26.27 14124.913334
26.60 14123.740620
26.93 14122.592954
27.25 14121.469494
27.58 14120.369441
27.91 14119.292023
28.23 14118.236506
28.56 14117.202183
28.89 14116.188379
29.22 14115.194444
29.55 14114.219755
29.88 14113.263716
30.22 14112.325750
30.55 14111.405307
30.88 14110.501857
31.22 14109.614889
31.55 14108.743914
31.88 14107.888458
32.21 14107.048068
32.53 14106.222304
32.86 14105.410746
33.19 14104.612988
33.51 14103.828637
33.84 14103.057317
34.16 14102.298662
34.49 14101.552319
34.82 14100.817951
35.14 14100.095229
35.47 14099.383836
35.80 14098.683467
36.12 14097.993826
36.45 14097.314626
36.78 14096.645593
37.10 14095.986458
37.43 14095.336963
37.76 14094.696858
38.08 14094.065900
38.41 14093.443856
38.74 14092.830497
39.07 14092.225604
39.39 14091.628965
39.72 14091.040373
40.04 14090.459627
40.37 14089.886534
40.69 14089.320904
41.02 14088.762558
41.34 14088.211315
41.67 14087.667008
41.99 14087.129465
42.32 14086.598529
42.64 14086.074041
42.96 14085.555848
43.29 14085.043803
43.61 14084.537762
43.94 14084.037584
44.26 14083.543137
44.58 14083.054286
44.91 14082.570904
45.23 14082.092865
45.55 14081.620049
45.88 14081.152338
46.20 14080.689619
46.53 14080.231779
46.85 14079.778709
47.17 14079.330305
47.50 14078.886464
47.82 14078.447085
48.15 14078.012073
48.48 14077.581333
48.81 14077.154771
49.14 14076.732298
49.47 14076.313829
49.80 14075.899275
50.13 14075.488556
50.46 14075.081592
50.78 14074.678301
51.11 14074.278610
51.44 14073.882441
51.77 14073.489724
52.10 14073.100387
52.43 14072.714360
52.78 14072.331577
53.11 14071.951971
53.44 14071.575479
53.77 14071.202037
54.09 14070.831586
54.46 14070.464065
54.80 14070.099417
55.13 14069.737584
55.47 14069.378512
55.80 14069.022147
56.14 14068.668435
56.48 14068.317328
56.82 14067.968771
57.14 14067.622719
57.47 14067.279122
57.79 14066.937935
58.12 14066.599111
58.45 14066.262607
58.78 14065.928379
59.12 14065.596382
59.45 14065.266579
59.78 14064.938926
60.14 14064.613384
60.51 14064.289917
60.85 14063.968485
61.19 14063.649050
61.52 14063.331578
61.86 14063.016033
62.20 14062.702381
62.54 14062.390587
62.87 14062.080620
63.20 14061.772445
63.54 14061.466033
63.86 14061.161353
64.19 14060.858373
64.51 14060.557064
64.83 14060.257400
65.16 14059.959350
65.48 14059.662888
65.81 14059.367984
66.13 14059.074616
66.46 14058.782755
66.78 14058.492378
67.10 14058.203457
67.43 14057.915970
67.75 14057.629894
68.07 14057.345205
68.39 14057.061880
68.72 14056.779897
69.04 14056.499235
69.36 14056.219870
69.69 14055.941784
70.02 14055.664957
70.35 14055.389366
70.67 14055.114994
71.00 14054.841821
71.33 14054.569828
71.66 14054.298998
71.98 14054.029309
72.30 14053.760748
72.63 14053.493295
72.95 14053.226934
73.27 14052.961648
73.59 14052.697422
73.92 14052.434238
74.24 14052.172081
74.56 14051.910937
74.88 14051.650789
75.20 14051.391624
75.53 14051.133427
75.85 14050.876183
76.17 14050.619879
76.49 14050.364503
76.82 14050.110037
77.14 14049.856473
77.46 14049.603795
77.78 14049.351991
78.11 14049.101050
78.43 14048.850959
78.75 14048.601706
79.07 14048.353279
79.40 14048.105667
79.72 14047.858859
80.04 14047.612843
80.36 14047.367611
80.68 14047.123148
81.00 14046.879448
81.33 14046.636499
81.65 14046.394290
81.97 14046.152813
82.29 14045.912057
82.61 14045.672013
82.94 14045.432670
83.26 14045.194023
83.58 14044.956060
83.90 14044.718772
84.22 14044.482152
84.55 14044.246191
84.87 14044.010880
85.19 14043.776212
85.51 14043.542177
85.83 14043.308768
86.16 14043.075979
86.48 14042.843800
86.80 14042.612226
87.12 14042.381247
87.44 14042.150857
87.76 14041.921051
88.09 14041.691817
88.41 14041.463154
88.73 14041.235050
89.05 14041.007503
89.37 14040.780503
89.70 14040.554046
90.02 14040.328123
90.34 14040.102732
90.66 14039.877863
90.98 14039.653512
91.31 14039.429672
91.63 14039.206340
91.95 14038.983508
92.27 14038.761169
92.59 14038.539322
92.92 14038.317958
93.24 14038.097071
93.56 14037.876659
93.88 14037.656716
94.21 14037.437236
94.53 14037.218215
94.85 14036.999647
95.17 14036.781528
95.50 14036.563854
95.82 14036.346619
96.14 14036.129818
96.46 14035.913449
96.78 14035.697506
97.11 14035.481986
97.43 14035.266882
97.75 14035.052192
98.09 14034.837911
98.41 14034.624036
98.74 14034.410562
99.06 14034.197484
99.38 14033.984801
99.70 14033.772508
100.03 14033.560600
100.36 14033.349075
100.68 14033.137929
101.01 14032.927157
101.34 14032.716758
101.66 14032.506725
101.99 14032.297059
102.31 14032.087754
102.64 14031.878806
102.96 14031.670214
103.28 14031.461972
103.60 14031.254080
103.93 14031.046533
104.25 14030.839329
104.57 14030.632463
104.89 14030.425935
105.21 14030.219739
105.54 14030.013875
105.86 14029.808336
106.18 14029.603125
106.50 14029.398235
106.83 14029.193665
107.15 14028.989412
107.47 14028.785472
107.79 14028.581845
108.11 14028.378527
108.44 14028.175515
108.76 14027.972807
109.08 14027.770401
109.40 14027.568295
109.72 14027.366485
110.05 14027.164970
110.37 14026.963748
110.69 14026.762814
111.01 14026.562170
111.34 14026.361811
111.66 14026.161735
111.98 14025.961941
112.30 14025.762425
112.63 14025.563187
112.95 14025.364223
113.27 14025.165533
113.59 14024.967114
113.92 14024.768965
114.24 14024.571082
114.56 14024.373465
114.89 14024.176111
115.24 14023.979017
115.57 14023.782185
115.90 14023.585610
116.27 14023.389292
116.62 14023.193226
116.95 14022.997414
117.28 14022.801854
117.61 14022.606542
117.94 14022.411477
118.27 14022.216659
118.59 14022.022085
118.91 14021.827754
119.23 14021.633663
119.56 14021.439813
119.88 14021.246201
120.20 14021.052825
120.52 14020.859684
120.84 14020.666777
121.17 14020.474102
121.50 14020.281657
121.82 14020.089441
122.15 14019.897454
122.47 14019.705694
122.80 14019.514159
123.13 14019.322847
123.45 14019.131758
123.78 14018.940889
124.11 14018.750241
124.44 14018.559810
124.76 14018.369599
125.08 14018.179602
125.41 14017.989823
125.73 14017.800254
126.05 14017.610899
126.37 14017.421756
126.70 14017.232822
127.02 14017.044097
127.34 14016.855581
127.66 14016.667270
127.99 14016.479166
128.31 14016.291267
128.63 14016.103569
128.95 14015.916076
129.27 14015.728783
129.59 14015.541691
129.92 14015.354798
130.24 14015.168103
130.56 14014.981605
130.88 14014.795303
131.20 14014.609197
131.53 14014.423286
131.85 14014.237567
132.17 14014.052042
132.49 14013.866707
132.81 14013.681563
133.13 14013.496608
133.46 14013.311843
133.78 14013.127265
134.10 14012.942874
134.42 14012.758669
134.74 14012.574650
135.07 14012.390815
135.39 14012.207163
135.71 14012.023694
136.03 14011.840408
136.35 14011.657301
136.68 14011.474376
137.01 14011.291630
137.33 14011.109064
137.65 14010.926674
137.97 14010.744462
138.29 14010.562426
138.62 14010.380565
138.94 14010.198881
139.26 14010.017370
139.58 14009.836032
139.91 14009.654868
140.23 14009.473874
140.55 14009.293054
140.87 14009.112403
141.19 14008.931923
141.52 14008.751612
141.84 14008.571469
142.16 14008.391494
142.48 14008.211686
142.80 14008.032045
143.13 14007.852571
143.45 14007.673261
143.77 14007.494117
144.12 14007.315136
144.50 14007.136319
144.82 14006.957665
145.14 14006.779174
145.47 14006.600844
145.79 14006.422676
146.11 14006.244667
146.43 14006.066820
146.75 14005.889130
147.08 14005.711600
147.40 14005.534229
147.72 14005.357015
148.04 14005.179958
148.36 14005.003058
148.69 14004.826314
149.01 14004.649725
149.33 14004.473292
149.65 14004.297013
149.97 14004.120889
150.29 14003.944917
150.62 14003.769099
150.94 14003.593433
151.26 14003.417919
151.58 14003.242557
151.90 14003.067345
152.22 14002.892285
152.55 14002.717374
152.87 14002.542613
153.19 14002.368001
153.51 14002.193538
153.83 14002.019222
154.15 14001.845055
154.48 14001.671035
154.80 14001.497162
155.12 14001.323436
155.44 14001.149854
155.76 14000.976419
156.08 14000.803129
156.41 14000.629983
156.73 14000.456983
157.05 14000.284125
157.37 14000.111411
157.69 13999.938840
158.01 13999.766412
158.34 13999.594126
158.66 13999.421981
158.98 13999.249979
159.30 13999.078117
159.63 13998.906396
159.95 13998.734815
160.27 13998.563374
160.60 13998.392072
160.92 13998.220910
161.24 13998.049886
161.56 13997.879002
161.88 13997.708254
162.21 13997.537644
162.53 13997.367172
162.85 13997.196837
163.17 13997.026638
163.49 13996.856576
163.82 13996.686649
164.14 13996.516858
164.46 13996.347202
164.78 13996.177681
165.10 13996.008294
165.43 13995.839042
165.75 13995.669924
166.07 13995.500938
166.39 13995.332087
166.71 13995.163368
167.04 13994.994782
167.36 13994.826327
167.68 13994.658005
168.01 13994.489816
168.34 13994.321756
168.66 13994.153828
168.99 13993.986031
169.31 13993.818363
169.63 13993.650828
169.95 13993.483420
170.28 13993.316142
170.60 13993.148994
170.92 13992.981974
171.24 13992.815084
171.57 13992.648322
171.89 13992.481688
172.21 13992.315180
172.54 13992.148801
172.86 13991.982549
173.18 13991.816424
173.50 13991.650426
173.83 13991.484554
174.15 13991.318808
174.47 13991.153188
174.79 13990.987694
175.12 13990.822325
175.44 13990.657081
175.76 13990.491962
176.08 13990.326967
176.40 13990.162097
176.73 13989.997350
177.05 13989.832727
177.38 13989.668229
177.71 13989.503853
178.04 13989.339600
178.37 13989.175470
178.70 13989.011463
179.03 13988.847577
179.36 13988.683815
179.68 13988.520174
180.00 13988.356654
180.33 13988.193256
180.65 13988.029978
180.97 13987.866822
181.29 13987.703787
181.61 13987.540871
181.94 13987.378076
182.26 13987.215401
182.58 13987.052845
182.90 13986.890408
183.23 13986.728091
183.55 13986.565893
183.87 13986.403815
184.20 13986.241855
184.52 13986.080012
184.84 13985.918288
185.16 13985.756683
185.49 13985.595195
185.81 13985.433825
186.13 13985.272570
186.46 13985.111435
186.78 13984.950416
187.10 13984.789513
187.43 13984.628725
187.75 13984.468057
188.07 13984.307503
188.39 13984.147065
188.72 13983.986743
189.04 13983.826536
189.36 13983.666444
189.69 13983.506467
190.01 13983.346605
190.33 13983.186859
190.65 13983.027227
190.97 13982.867708
191.30 13982.708304
191.63 13982.549013
191.95 13982.389837
192.28 13982.230773
192.61 13982.071824
192.94 13981.912987
193.29 13981.754264
193.63 13981.595652
193.97 13981.437154
194.30 13981.278769
194.63 13981.120494
194.96 13980.962332
195.29 13980.804284
195.62 13980.646345
195.95 13980.488518
196.29 13980.330803
196.63 13980.173198
196.96 13980.015705
197.29 13979.858321
197.62 13979.701051
197.94 13979.543888
198.26 13979.386837
198.59 13979.229896
198.91 13979.073064
199.23 13978.916343
199.55 13978.759730
199.88 13978.603228
200.20 13978.446835
200.52 13978.290550
200.85 13978.134375
201.17 13977.978308
201.50 13977.822349
201.82 13977.666499
202.15 13977.510758
202.47 13977.355125
202.79 13977.199599
203.12 13977.044180
203.45 13976.888871
203.77 13976.733668
204.09 13976.578572
204.42 13976.423584
204.74 13976.268702
205.07 13976.113927
205.39 13975.959259
205.72 13975.804698
206.04 13975.650243
206.36 13975.495894
206.68 13975.341650
207.01 13975.187514
207.33 13975.033482
207.65 13974.879555
207.97 13974.725735
208.29 13974.572020
208.62 13974.418409
208.94 13974.264904
209.26 13974.111504
209.58 13973.958208
209.90 13973.805017
210.23 13973.651930
210.55 13973.498947
210.87 13973.346068
211.19 13973.193293
211.52 13973.040622
211.84 13972.888055
212.17 13972.735592
212.50 13972.583232
212.83 13972.430974
213.16 13972.278819
213.48 13972.126768
213.81 13971.974821
214.13 13971.822975
214.46 13971.671231
214.78 13971.519590
215.10 13971.368051
215.42 13971.216615
215.74 13971.065280
216.07 13970.914046
216.39 13970.762916
216.71 13970.611886
217.03 13970.460957
217.35 13970.310131
217.68 13970.159405
218.00 13970.008780
218.32 13969.858256
218.64 13969.707831
218.97 13969.557510
219.29 13969.407287
219.61 13969.257165
219.94 13969.107143
220.26 13968.957222
220.58 13968.807400
220.91 13968.657678
221.23 13968.508056
221.55 13968.358533
221.87 13968.209110
222.20 13968.059786
222.52 13967.910562
222.84 13967.761435
223.16 13967.612408
223.48 13967.463480
223.81 13967.314651
224.13 13967.165919
224.46 13967.017287
224.78 13966.868752
225.12 13966.720317
225.44 13966.571978
225.77 13966.423738
226.09 13966.275596
226.42 13966.127551
226.75 13965.979603
227.08 13965.831753
227.41 13965.684001
227.74 13965.536346
228.06 13965.388786
228.39 13965.241325
228.71 13965.093961
229.04 13964.946693
229.36 13964.799521
229.69 13964.652446
230.02 13964.505467
230.36 13964.358585
230.69 13964.211799
231.02 13964.065108
231.35 13963.918514
231.68 13963.772014
232.00 13963.625611
232.32 13963.479303
232.65 13963.333091
232.97 13963.186974
233.30 13963.040951
233.63 13962.895024
233.95 13962.749192
234.28 13962.603454
234.60 13962.457813
234.93 13962.312264
235.25 13962.166810
235.57 13962.021451
235.90 13961.876187
236.22 13961.731015
236.54 13961.585938
236.87 13961.440954
237.20 13961.296065
237.52 13961.151270
237.84 13961.006568
238.17 13960.861957
238.49 13960.717443
238.81 13960.573021
239.14 13960.428692
239.47 13960.284455
239.80 13960.140313
240.13 13959.996262
240.46 13959.852304
240.80 13959.708439
241.12 13959.564665
241.44 13959.420985
241.76 13959.277397
242.08 13959.133900
242.41 13958.990497
242.73 13958.847184
243.05 13958.703962
243.37 13958.560835
243.70 13958.417797
244.03 13958.274851
244.36 13958.131997
244.69 13957.989233
245.02 13957.846561
245.36 13957.703980
245.69 13957.561490
246.02 13957.419091
246.34 13957.276781
246.66 13957.134564
246.98 13956.992437
247.31 13956.850401
247.63 13956.708453
247.95 13956.566597
248.27 13956.424831
248.60 13956.283154
248.92 13956.141567
249.24 13956.000071
249.56 13955.858664
249.88 13955.717346
250.20 13955.576119
250.53 13955.434980
250.85 13955.293930
251.17 13955.152971
251.49 13955.012100
251.81 13954.871318
252.14 13954.730624
252.46 13954.590020
252.78 13954.449504
253.10 13954.309076
253.42 13954.168738
253.74 13954.028487
254.07 13953.888326
254.39 13953.748251
254.71 13953.608265
255.03 13953.468368
255.35 13953.328558
255.68 13953.188836
256.00 13953.049202
256.32 13952.909654
256.64 13952.770195
256.96 13952.630823
257.29 13952.491538
257.61 13952.352340
257.94 13952.213230
258.26 13952.074206
258.58 13951.935269
258.91 13951.796420
259.23 13951.657657
259.56 13951.518980
259.88 13951.380390
260.20 13951.241887
260.53 13951.103470
260.85 13950.965138
261.18 13950.826894
261.50 13950.688735
261.82 13950.550661
262.15 13950.412674
262.47 13950.274773
262.80 13950.136957
263.13 13949.999226
263.46 13949.861582
263.78 13949.724023
264.10 13949.586549
264.42 13949.449160
264.74 13949.311856
265.07 13949.174637
265.39 13949.037504
265.71 13948.900454
266.03 13948.763490
266.36 13948.626611
266.68 13948.489815
267.00 13948.353105
267.32 13948.216478
267.64 13948.079936
267.96 13947.943479
268.29 13947.807105
268.61 13947.670815
268.93 13947.534609
269.25 13947.398486
269.57 13947.262448
269.89 13947.126494
270.22 13946.990621
270.54 13946.854834
270.86 13946.719130
271.18 13946.583508
271.50 13946.447970
271.82 13946.312515
272.15 13946.177144
272.47 13946.041854
272.79 13945.906648
273.11 13945.771524
273.43 13945.636483
273.75 13945.501524
274.08 13945.366649
274.40 13945.231856
274.72 13945.097144
275.04 13944.962514
275.36 13944.827967
275.68 13944.693502
276.01 13944.559119
276.33 13944.424818
276.65 13944.290599
276.97 13944.156461
277.29 13944.022405
277.61 13943.888430
277.94 13943.754536
278.26 13943.620725
278.58 13943.486993
278.90 13943.353345
279.22 13943.219775
279.55 13943.086288
279.87 13942.952881
280.19 13942.819555
280.51 13942.686310
280.83 13942.553145
281.15 13942.420062
281.48 13942.287058
281.80 13942.154135
282.12 13942.021292
282.44 13941.888529
282.77 13941.755846
283.09 13941.623243
283.41 13941.490721
283.73 13941.358279
284.05 13941.225916
284.37 13941.093632
284.70 13940.961429
285.02 13940.829305
285.35 13940.697260
285.67 13940.565295
286.00 13940.433409
286.32 13940.301602
286.64 13940.169874
286.97 13940.038225
287.29 13939.906655
287.62 13939.775165
287.94 13939.643752
288.26 13939.512419
288.59 13939.381164
288.91 13939.249988
289.23 13939.118890
289.56 13938.987871
289.88 13938.856930
290.20 13938.726067
290.52 13938.595283
290.85 13938.464575
291.17 13938.333947
291.49 13938.203395
291.81 13938.072923
292.14 13937.942527
292.46 13937.812210
292.78 13937.681970
293.10 13937.551807
293.43 13937.421721
293.75 13937.291714
294.08 13937.161783
294.41 13937.031929
294.74 13936.902153
295.06 13936.772453
295.39 13936.642831
295.71 13936.513285
296.03 13936.383817
296.35 13936.254424
296.68 13936.125108
297.00 13935.995869
297.32 13935.866707
297.64 13935.737621
297.96 13935.608611
298.29 13935.479676
298.61 13935.350819
298.93 13935.222036
299.25 13935.093331
299.58 13934.964701
299.90 13934.836147
300.22 13934.707670
300.56 13934.579267
300.90 13934.450940
301.24 13934.322689
301.59 13934.194513
301.92 13934.066412
302.27 13933.938386
302.60 13933.810436
302.93 13933.682561
303.25 13933.554760
303.57 13933.427035
303.90 13933.299386
304.22 13933.171810
304.54 13933.044309
304.86 13932.916883
305.18 13932.789532
305.51 13932.662255
305.84 13932.535052
306.16 13932.407925
306.48 13932.280870
306.80 13932.153891
307.12 13932.026986
307.45 13931.900154
307.77 13931.773397
308.09 13931.646714
308.42 13931.520104
308.74 13931.393567
309.07 13931.267106
309.39 13931.140717
309.71 13931.014401
310.04 13930.888159
310.36 13930.761991
310.68 13930.635897
311.00 13930.509875
311.33 13930.383926
311.65 13930.258051
311.97 13930.132247
312.29 13930.006519
312.62 13929.880862
312.94 13929.755278
313.27 13929.629766
313.60 13929.504328
313.92 13929.378962
314.25 13929.253668
314.58 13929.128447
314.90 13929.003298
315.23 13928.878221
315.55 13928.753218
315.88 13928.628285
316.21 13928.503425
316.53 13928.378637
316.86 13928.253921
317.20 13928.129276
317.53 13928.004703
317.86 13927.880203
318.18 13927.755773
318.50 13927.631415
318.82 13927.507130
319.15 13927.382914
319.47 13927.258771
319.79 13927.134698
320.11 13927.010697
320.44 13926.886767
320.76 13926.762909
321.08 13926.639121
321.40 13926.515403
321.74 13926.391758
322.09 13926.268182
322.42 13926.144677
322.75 13926.021243
323.09 13925.897880
323.43 13925.774587
323.80 13925.651365
324.13 13925.528212
324.46 13925.405130
324.79 13925.282119
325.12 13925.159177
