0.00 14855.089808
2.25 13708.719852
4.39 13502.720798
6.64 13436.735759
8.90 13389.727773
11.15 13351.095295
13.40 13319.019304
15.54 13292.028069
17.79 13268.372711
19.93 13247.736026
22.19 13229.770446
24.44 13214.140948
26.58 13200.541226
28.83 13188.698037
30.97 13178.374811
33.22 13169.370499
35.48 13161.509962
37.73 13154.640272
39.87 13148.628669
42.12 13143.360842
44.37 13138.739192
46.51 13134.681072
48.65 13131.116131
50.91 13127.983981
53.05 13125.233036
55.30 13122.819207
57.44 13120.704475
59.69 13118.855599
61.94 13117.243035
64.20 13115.840112
66.45 13114.622521
68.59 13113.568042
70.84 13112.656525
72.98 13111.869775
75.23 13111.191564
77.49 13110.607476
79.63 13110.104840
