0.00 14855.089808
1.41 14481.543826
2.55 14274.953956
3.65 14159.777852
4.77 14087.479754
6.03 14037.042541
7.16 13998.148092
8.36 13965.629419
9.54 13936.861854
10.63 13910.485654
11.75 13885.781349
12.82 13862.358639
13.91 13839.998416
15.14 13818.571391
16.32 13797.995749
17.45 13778.215161
18.67 13759.187283
19.77 13740.877393
20.94 13723.255304
22.06 13706.293642
23.18 13689.966960
24.25 13674.251243
25.33 13659.123636
26.50 13644.562287
27.60 13630.546246
28.66 13617.055396
29.76 13604.070403
30.90 13591.572674
32.07 13579.544322
33.43 13567.968131
34.75 13556.827532
35.92 13546.106566
37.10 13535.789869
38.28 13525.862639
39.53 13516.310621
40.64 13507.120076
41.78 13498.277770
42.90 13489.770949
44.04 13481.587323
45.26 13473.715043
46.53 13466.142696
47.71 13458.859278
49.14 13451.854183
50.29 13450.117189
