0.00 5266.263570
1.35 5248.684923
2.65 5231.944580
3.95 5215.995931
5.26 5200.795192
6.56 5186.301226
7.86 5172.475375
9.17 5159.281302
10.47 5146.684845
11.78 5134.653877
13.10 5123.158178
14.40 5112.169318
15.70 5101.660540
17.00 5091.606657
18.29 5081.983955
19.62 5072.770097
20.93 5063.944044
22.27 5055.485966
23.60 5047.377175
24.91 5039.600051
26.23 5032.137974
27.59 5024.975267
28.97 5018.097137
30.29 5011.489618
31.60 5005.139525
32.90 4999.034407
34.20 4993.162496
35.51 4987.512675
36.81 4982.074433
38.11 4976.837831
39.41 4971.793466
40.71 4966.932444
42.00 4962.246344
43.30 4957.727194
44.60 4953.367444
45.90 4949.159941
47.20 4945.097905
48.49 4941.174910
49.79 4937.384862
51.09 4933.721980
52.38 4930.180777
53.68 4926.756047
54.98 4923.442844
56.27 4920.236472
57.57 4917.132468
58.88 4914.126591
60.17 4911.214807
61.47 4908.393282
62.76 4905.658366
64.06 4903.006585
65.38 4900.434633
66.69 4897.939362
67.99 4895.517771
69.30 4893.167001
70.61 4890.884328
71.92 4888.667151
73.23 4886.512993
74.53 4884.419486
75.84 4882.384375
77.13 4880.405501
78.43 4878.480806
79.74 4876.608321
81.05 4874.786167
82.35 4873.012545
83.65 4871.285735
84.96 4869.604092
86.25 4867.966041
87.54 4866.370076
88.84 4864.814752
90.13 4863.298688
91.43 4861.820558
92.74 4860.379093
94.05 4858.973075
95.35 4857.601337
96.66 4856.262758
97.97 4854.956263
99.27 4853.680821
100.56 4852.435440
101.86 4851.219168
103.15 4850.031092
104.45 4848.870333
105.74 4847.736044
107.03 4846.627415
108.33 4845.543662
109.62 4844.484036
110.92 4843.447810
112.22 4842.434290
113.52 4841.442804
114.82 4840.472705
116.12 4839.523371
117.43 4838.594203
118.73 4837.684620
120.03 4836.794066
121.33 4835.922003
122.62 4835.067911
123.93 4834.231290
125.22 4833.411655
126.52 4832.608541
127.82 4831.821497
129.11 4831.050086
130.41 4830.293889
131.70 4829.552499
133.00 4828.825522
134.30 4828.112579
135.60 4827.413302
136.91 4826.727335
138.22 4826.054335
139.53 4825.393969
140.84 4824.745915
142.16 4824.109859
143.46 4823.485502
144.77 4822.872549
146.08 4822.270717
147.39 4821.679732
148.70 4821.099327
150.01 4820.529244
151.31 4819.969233
152.62 4819.419051
153.92 4818.878463
155.22 4818.347240
156.53 4817.825161
157.83 4817.312010
159.14 4816.807579
160.44 4816.311665
161.75 4815.824070
163.05 4815.344605
164.35 4814.873082
165.65 4814.409321
166.95 4813.953148
168.25 4813.504390
169.55 4813.062884
170.85 4812.628466
172.15 4812.200982
173.45 4811.780277
174.75 4811.366204
176.05 4810.958619
177.35 4810.557381
178.64 4810.162353
179.94 4809.773403
181.24 4809.390400
182.53 4809.013219
183.83 4808.641737
185.13 4808.275834
186.43 4807.915394
187.73 4807.560303
189.03 4807.210450
190.33 4806.865728
191.63 4806.526031
192.93 4806.191257
194.23 4805.861305
195.52 4805.536080
196.82 4805.215485
198.12 4804.899428
199.42 4804.587818
200.72 4804.280567
202.02 4803.977589
203.32 4803.678800
204.61 4803.384118
205.91 4803.093464
207.21 4802.806758
208.51 4802.523924
209.81 4802.244888
211.11 4801.969578
212.41 4801.697921
213.70 4801.429849
215.00 4801.165294
216.30 4800.904190
217.59 4800.646471
218.89 4800.392074
220.21 4800.140938
221.53 4799.893002
222.83 4799.648206
224.13 4799.406494
225.44 4799.167808
226.74 4798.932094
228.04 4798.699296
229.35 4798.469363
230.65 4798.242242
231.95 4798.017883
233.25 4797.796236
234.55 4797.577253
235.88 4797.360886
237.18 4797.147089
238.48 4796.935816
239.78 4796.727024
241.08 4796.520668
242.38 4796.316706
243.67 4796.115095
244.97 4795.915796
246.53 4795.718768
247.85 4795.523971
249.15 4795.331368
250.45 4795.140921
251.78 4794.952593
253.10 4794.766347
254.41 4794.582149
255.72 4794.399964
257.07 4794.219757
258.45 4794.041496
259.81 4793.865147
261.13 4793.690679
262.43 4793.518061
263.74 4793.347260
265.04 4793.178249
266.43 4793.010996
267.82 4792.845473
269.17 4792.681651
270.47 4792.519503
271.77 4792.359001
273.07 4792.200118
274.37 4792.042828
275.67 4791.887106
276.97 4791.732925
278.30 4791.580261
279.61 4791.429089
280.91 4791.279386
282.21 4791.131129
283.50 4790.984293
284.80 4790.838857
286.10 4790.694798
287.43 4790.552094
288.74 4790.410725
290.10 4790.270668
291.41 4790.131904
292.81 4789.994413
294.35 4789.858173
295.68 4789.723166
296.99 4789.589373
298.31 4789.456774
299.62 4789.325352
300.99 4789.195088
302.42 4789.065964
303.74 4788.937963
305.12 4788.811068
306.59 4788.685261
307.90 4788.560526
309.20 4788.436847
310.50 4788.314208
311.80 4788.192593
313.10 4788.071986
314.40 4787.952372
315.70 4787.833737
317.00 4787.716065
318.29 4787.599343
319.59 4787.483555
320.90 4787.368689
322.20 4787.254730
323.50 4787.141664
324.80 4787.029480
326.12 4786.918163
327.42 4786.807701
328.73 4786.698081
330.03 4786.589291
331.33 4786.481318
332.63 4786.374152
334.04 4786.267779
335.35 4786.162189
336.64 4786.057370
337.97 4785.953310
339.29 4785.850000
340.59 4785.747427
341.90 4785.645582
343.20 4785.544454
344.54 4785.444032
345.84 4785.344307
347.14 4785.245268
348.44 4785.146906
349.79 4785.049212
351.09 4784.952174
352.39 4784.855786
353.73 4784.760036
355.03 4784.664916
356.34 4784.570417
357.64 4784.476531
358.94 4784.383249
360.24 4784.290562
361.54 4784.198462
362.84 4784.106941
364.14 4784.015991
365.47 4783.925603
366.78 4783.835770
368.08 4783.746485
369.38 4783.657740
370.73 4783.569526
372.03 4783.481838
373.33 4783.394667
374.64 4783.308007
375.99 4783.221851
377.29 4783.136191
378.59 4783.051022
379.90 4782.966335
381.20 4782.882125
382.50 4782.798386
383.80 4782.715110
385.10 4782.632292
386.40 4782.549925
387.70 4782.468004
389.01 4782.386522
390.62 4782.305473
391.95 4782.224852
393.27 4782.144653
394.57 4782.064870
395.89 4781.985498
397.20 4781.906531
398.51 4781.827964
399.82 4781.749791
401.13 4781.672008
402.45 4781.594609
403.75 4781.517590
405.05 4781.440944
406.35 4781.364668
407.66 4781.288756
409.00 4781.213204
410.32 4781.138007
411.62 4781.063160
412.92 4780.988659
414.22 4780.914499
415.52 4780.840676
416.81 4780.767186
418.11 4780.694024
419.41 4780.621186
420.71 4780.548668
422.05 4780.476465
423.34 4780.404574
424.64 4780.332991
425.93 4780.261712
427.23 4780.190733
428.52 4780.120050
429.82 4780.049659
431.12 4779.979557
432.41 4779.909739
433.73 4779.840204
435.02 4779.770946
436.32 4779.701962
437.66 4779.633250
438.97 4779.564805
440.31 4779.496624
441.65 4779.428704
443.03 4779.361042
444.38 4779.293635
445.72 4779.226479
447.02 4779.159571
448.33 4779.092908
449.65 4779.026487
450.96 4778.960306
452.26 4778.894360
453.57 4778.828649
454.87 4778.763167
456.17 4778.697914
457.47 4778.632885
458.76 4778.568078
460.06 4778.503491
461.36 4778.439121
462.65 4778.374965
463.95 4778.311021
465.25 4778.247286
466.55 4778.183758
467.85 4778.120433
469.32 4778.057311
470.68 4777.994388
471.97 4777.931661
473.27 4777.869130
474.60 4777.806790
475.90 4777.744641
477.31 4777.682680
478.61 4777.620904
479.90 4777.559312
481.21 4777.497901
482.50 4777.436669
483.80 4777.375614
485.10 4777.314734
486.41 4777.254027
487.70 4777.193492
489.00 4777.133125
490.29 4777.072926
491.59 4777.012891
492.94 4776.953020
494.24 4776.893310
495.53 4776.833760
496.89 4776.774368
498.19 4776.715132
499.49 4776.656049
500.79 4776.597120
502.08 4776.538341
503.38 4776.479711
504.73 4776.421229
506.02 4776.362892
507.32 4776.304699
508.62 4776.246649
509.91 4776.188740
511.26 4776.130971
512.55 4776.073339
513.86 4776.015843
515.15 4775.958483
516.50 4775.901255
517.80 4775.844160
519.09 4775.787195
520.40 4775.730359
521.69 4775.673651
522.99 4775.617069
524.30 4775.560612
525.60 4775.504279
526.91 4775.448067
528.22 4775.391977
529.54 4775.336007
530.90 4775.280154
532.21 4775.224419
533.52 4775.168800
534.84 4775.113296
536.13 4775.057905
537.43 4775.002626
538.73 4774.947458
540.02 4774.892401
541.32 4774.837452
542.62 4774.782610
543.91 4774.727876
545.20 4774.673247
546.55 4774.618722
547.86 4774.564301
549.18 4774.509981
550.49 4774.455763
551.85 4774.401646
553.16 4774.347627
554.47 4774.293707
555.79 4774.239884
557.15 4774.186157
558.47 4774.132525
559.78 4774.078988
561.10 4774.025544
562.41 4773.972193
563.72 4773.918933
565.03 4773.865764
566.35 4773.812684
567.66 4773.759694
568.98 4773.706791
570.29 4773.653976
571.60 4773.601247
572.92 4773.548604
574.23 4773.496045
575.54 4773.443570
576.85 4773.391178
578.16 4773.338869
579.48 4773.286641
580.79 4773.234494
582.14 4773.182427
583.44 4773.130439
584.80 4773.078529
586.10 4773.026697
587.40 4772.974943
588.69 4772.923264
589.99 4772.871662
591.33 4772.820134
592.63 4772.768681
593.96 4772.717301
595.27 4772.665994
596.56 4772.614759
597.93 4772.563596
599.24 4772.512504
600.56 4772.461482
601.87 4772.410530
603.18 4772.359647
604.50 4772.308833
605.80 4772.258086
607.11 4772.207407
608.43 4772.156794
609.74 4772.106248
611.04 4772.055767
612.36 4772.005351
613.67 4771.955000
614.98 4771.904712
616.29 4771.854488
617.60 4771.804327
618.91 4771.754228
620.23 4771.704190
621.54 4771.654214
622.92 4771.604299
624.23 4771.554444
625.54 4771.504648
626.85 4771.454912
628.16 4771.405235
629.47 4771.355615
630.79 4771.306054
632.10 4771.256550
633.41 4771.207103
634.73 4771.157712
636.05 4771.108377
637.41 4771.059098
638.72 4771.009874
640.04 4770.960704
641.35 4770.911589
642.66 4770.862528
643.97 4770.813520
645.28 4770.764565
646.59 4770.715662
647.91 4770.666812
649.22 4770.618013
650.53 4770.569266
651.90 4770.520569
653.25 4770.471924
654.66 4770.423328
656.01 4770.374783
657.40 4770.326287
658.75 4770.277840
660.08 4770.229441
661.41 4770.181092
662.73 4770.132790
664.06 4770.084536
665.39 4770.036329
666.72 4769.988169
668.04 4769.940056
669.36 4769.891989
670.67 4769.843969
671.99 4769.795994
673.30 4769.748064
674.62 4769.700180
675.94 4769.652340
677.25 4769.604545
678.56 4769.556794
679.88 4769.509086
681.20 4769.461422
682.51 4769.413802
683.81 4769.366224
685.11 4769.318690
686.41 4769.271197
687.71 4769.223747
689.01 4769.176338
690.30 4769.128971
691.60 4769.081646
692.90 4769.034361
694.19 4768.987117
695.48 4768.939914
696.78 4768.892751
698.08 4768.845628
699.38 4768.798544
700.68 4768.751501
701.97 4768.704496
703.26 4768.657530
704.56 4768.610604
705.85 4768.563715
707.15 4768.516865
708.45 4768.470053
709.74 4768.423279
711.04 4768.376543
712.33 4768.329844
713.63 4768.283182
714.92 4768.236557
716.22 4768.189969
717.51 4768.143417
718.80 4768.096901
720.10 4768.050422
721.39 4768.003979
722.69 4767.957571
723.98 4767.911199
725.28 4767.864862
726.57 4767.818560
727.86 4767.772293
729.16 4767.726060
730.45 4767.679863
731.74 4767.633699
733.04 4767.587570
734.33 4767.541475
735.63 4767.495413
736.92 4767.449385
738.22 4767.403391
739.51 4767.357429
740.80 4767.311501
742.10 4767.265606
743.41 4767.219743
744.72 4767.173913
746.04 4767.128115
747.36 4767.082350
748.68 4767.036616
750.00 4766.990915
751.32 4766.945245
752.63 4766.899607
753.95 4766.854000
755.26 4766.808425
756.57 4766.762880
757.89 4766.717367
759.21 4766.671884
760.52 4766.626432
761.84 4766.581011
763.15 4766.535620
764.46 4766.490259
765.77 4766.444929
767.08 4766.399628
768.39 4766.354357
769.71 4766.309116
771.03 4766.263904
772.34 4766.218722
773.66 4766.173569
774.98 4766.128446
776.29 4766.083351
777.61 4766.038285
778.92 4765.993248
780.22 4765.948240
781.54 4765.903260
782.86 4765.858308
784.18 4765.813385
785.51 4765.768490
786.84 4765.723623
788.16 4765.678784
789.48 4765.633973
790.80 4765.589190
792.12 4765.544434
793.44 4765.499705
794.76 4765.455004
796.08 4765.410330
797.40 4765.365683
798.72 4765.321064
800.03 4765.276471
801.34 4765.231905
802.65 4765.187366
803.98 4765.142853
805.31 4765.098367
806.63 4765.053907
807.95 4765.009474
809.27 4764.965066
810.59 4764.920685
811.90 4764.876330
813.22 4764.832001
814.54 4764.787697
815.85 4764.743420
817.18 4764.699168
818.49 4764.654941
819.80 4764.610740
821.12 4764.566564
822.43 4764.522414
823.75 4764.478288
825.07 4764.434188
826.38 4764.390113
827.69 4764.346062
829.01 4764.302037
830.33 4764.258036
831.64 4764.214060
832.96 4764.170108
834.30 4764.126181
835.65 4764.082279
836.95 4764.038400
838.24 4763.994546
839.54 4763.950716
840.84 4763.906910
842.20 4763.863129
843.53 4763.819371
844.82 4763.775637
846.12 4763.731926
847.41 4763.688240
848.71 4763.644577
850.00 4763.600937
851.31 4763.557321
852.63 4763.513729
853.94 4763.470160
855.24 4763.426614
856.56 4763.383091
857.87 4763.339592
859.18 4763.296115
860.51 4763.252662
861.81 4763.209231
863.12 4763.165823
864.43 4763.122438
865.73 4763.079076
867.03 4763.035737
868.38 4762.992420
869.68 4762.949125
870.98 4762.905853
872.28 4762.862604
873.57 4762.819377
874.87 4762.776172
876.17 4762.732989
877.46 4762.689829
878.75 4762.646690
880.05 4762.603574
881.34 4762.560479
882.63 4762.517407
883.93 4762.474356
885.22 4762.431327
886.51 4762.388320
887.81 4762.345335
889.10 4762.302371
890.40 4762.259429
891.70 4762.216509
892.99 4762.173609
894.28 4762.130732
895.58 4762.087875
896.89 4762.045040
898.20 4762.002226
899.52 4761.959434
900.82 4761.916662
902.45 4761.873912
903.89 4761.831183
905.20 4761.788475
906.50 4761.745787
907.81 4761.703121
909.11 4761.660475
910.42 4761.617850
911.73 4761.575246
913.03 4761.532663
914.33 4761.490100
915.72 4761.447558
917.03 4761.405037
918.32 4761.362536
919.62 4761.320055
920.92 4761.277595
922.21 4761.235156
923.51 4761.192736
924.80 4761.150337
926.11 4761.107958
927.41 4761.065600
928.71 4761.023261
930.01 4760.980943
931.31 4760.938645
932.61 4760.896366
933.91 4760.854108
935.20 4760.811870
936.49 4760.769651
937.79 4760.727453
939.08 4760.685274
940.38 4760.643115
941.67 4760.600976
942.97 4760.558856
944.28 4760.516756
945.58 4760.474676
946.89 4760.432615
948.19 4760.390574
949.49 4760.348552
950.80 4760.306550
952.11 4760.264567
953.41 4760.222604
954.72 4760.180660
956.02 4760.138735
957.32 4760.096830
958.61 4760.054943
959.90 4760.013076
961.20 4759.971229
962.49 4759.929400
963.79 4759.887590
965.09 4759.845799
966.38 4759.804028
967.67 4759.762275
968.97 4759.720542
970.26 4759.678827
971.55 4759.637131
972.85 4759.595454
974.15 4759.553796
975.44 4759.512156
976.73 4759.470536
978.02 4759.428934
979.32 4759.387350
980.61 4759.345786
981.90 4759.304239
983.20 4759.262712
984.49 4759.221203
985.78 4759.179713
987.07 4759.138241
988.37 4759.096787
989.66 4759.055352
990.95 4759.013935
992.25 4758.972537
993.54 4758.931157
994.84 4758.889795
996.13 4758.848452
997.43 4758.807127
998.74 4758.765820
1000.08 4758.724531
1001.38 4758.683260
1002.68 4758.642008
1004.04 4758.600773
1005.34 4758.559557
1006.64 4758.518359
1007.98 4758.477178
1009.28 4758.436016
1010.59 4758.394871
1011.89 4758.353745
1013.19 4758.312636
1014.49 4758.271546
1015.79 4758.230473
1017.09 4758.189417
1018.39 4758.148380
1019.69 4758.107360
1020.99 4758.066359
1022.29 4758.025374
1023.58 4757.984408
1024.88 4757.943459
1026.19 4757.902528
1027.49 4757.861614
1028.79 4757.820718
1030.08 4757.779839
1031.39 4757.738978
1032.68 4757.698135
1033.98 4757.657309
1035.29 4757.616500
1036.59 4757.575709
1037.98 4757.534935
1039.28 4757.494178
1040.58 4757.453439
1041.88 4757.412717
1043.17 4757.372013
1044.47 4757.331325
1045.76 4757.290655
1047.14 4757.250002
1048.55 4757.209367
1049.87 4757.168748
1051.17 4757.128147
1052.46 4757.087562
1053.75 4757.046995
1055.05 4757.006445
1056.35 4756.965912
1057.65 4756.925396
1058.94 4756.884897
1060.24 4756.844415
1061.53 4756.803950
1062.82 4756.763502
1064.12 4756.723070
1065.41 4756.682656
1066.71 4756.642258
1068.01 4756.601878
1069.31 4756.561514
1070.62 4756.521167
1071.92 4756.480837
1073.23 4756.440523
1074.53 4756.400226
1075.84 4756.359946
1077.14 4756.319683
1078.45 4756.279436
1079.75 4756.239206
1081.05 4756.198993
1082.35 4756.158796
1083.65 4756.118615
1084.94 4756.078452
1086.24 4756.038305
1087.53 4755.998174
1088.82 4755.958060
1090.12 4755.917962
1091.41 4755.877881
1092.71 4755.837816
1094.00 4755.797768
1095.29 4755.757736
1096.59 4755.717720
1097.88 4755.677721
1099.17 4755.637738
1100.47 4755.597771
1101.76 4755.557821
1103.05 4755.517887
1104.35 4755.477969
1105.64 4755.438068
1106.93 4755.398182
1108.23 4755.358313
1109.52 4755.318460
1110.82 4755.278624
1112.11 4755.238803
1113.40 4755.198998
1114.70 4755.159210
1115.99 4755.119438
1117.28 4755.079681
1118.58 4755.039941
1119.88 4755.000217
1121.17 4754.960509
1122.46 4754.920817
1123.76 4754.881141
1125.06 4754.841480
1126.35 4754.801836
1127.65 4754.762208
1128.95 4754.722595
1130.24 4754.682998
1131.54 4754.643418
1132.83 4754.603853
1134.12 4754.564304
1135.42 4754.524770
1136.71 4754.485253
1138.00 4754.445751
1139.30 4754.406265
1140.59 4754.366795
1141.89 4754.327340
1143.18 4754.287902
1144.47 4754.248478
1145.76 4754.209071
1147.06 4754.169679
1148.35 4754.130303
1149.65 4754.090942
1150.94 4754.051598
1152.24 4754.012268
1153.53 4753.972954
1154.83 4753.933656
1156.12 4753.894373
1157.42 4753.855106
1158.71 4753.815855
1160.01 4753.776618
1161.30 4753.737398
1162.60 4753.698192
1163.89 4753.659002
1165.18 4753.619828
1166.47 4753.580669
1167.77 4753.541525
1169.07 4753.502397
1170.36 4753.463284
1171.65 4753.424186
1172.95 4753.385104
1174.24 4753.346037
1175.54 4753.306986
1176.83 4753.267949
1178.12 4753.228928
1179.42 4753.189922
1180.72 4753.150931
1182.01 4753.111956
1183.30 4753.072995
1184.59 4753.034050
1185.89 4752.995120
1187.18 4752.956206
1188.48 4752.917306
1189.77 4752.878421
1191.07 4752.839552
1192.36 4752.800697
1193.65 4752.761858
1194.94 4752.723034
1196.24 4752.684225
1197.54 4752.645430
1198.84 4752.606651
1200.13 4752.567887
1201.42 4752.529138
1202.71 4752.490404
1204.01 4752.451684
1205.30 4752.412980
1206.60 4752.374291
1207.89 4752.335616
1209.18 4752.296956
1210.48 4752.258312
1211.77 4752.219682
1213.07 4752.181067
1214.36 4752.142466
1215.65 4752.103881
1216.95 4752.065310
1218.25 4752.026755
1219.54 4751.988214
1220.83 4751.949687
1222.13 4751.911176
1223.42 4751.872679
1224.71 4751.834197
1226.01 4751.795729
1227.30 4751.757277
1228.60 4751.718839
1229.89 4751.680415
1231.19 4751.642007
1232.48 4751.603613
1233.77 4751.565233
1235.07 4751.526868
1236.37 4751.488518
1237.67 4751.450182
1238.96 4751.411861
1240.25 4751.373555
1241.55 4751.335263
1242.84 4751.296985
1244.13 4751.258722
1245.43 4751.220474
1246.72 4751.182240
1248.02 4751.144020
1249.31 4751.105815
1250.60 4751.067624
1251.90 4751.029448
1253.19 4750.991286
1254.48 4750.953139
1255.78 4750.915006
1257.07 4750.876887
1258.37 4750.838783
1259.66 4750.800693
1260.95 4750.762617
1262.25 4750.724556
1263.54 4750.686509
1264.84 4750.648476
1266.13 4750.610458
1267.42 4750.572454
1268.72 4750.534464
1270.01 4750.496488
1271.30 4750.458527
1272.60 4750.420580
1273.89 4750.382647
1275.19 4750.344728
1276.48 4750.306824
1277.77 4750.268933
1279.07 4750.231057
1280.36 4750.193195
1281.65 4750.155347
1282.95 4750.117513
1284.25 4750.079693
1285.54 4750.041887
1286.83 4750.004096
1288.12 4749.966318
1289.41 4749.928555
1290.71 4749.890805
1292.00 4749.853070
1293.30 4749.815349
1294.59 4749.777641
1295.88 4749.739948
1297.18 4749.702269
1298.47 4749.664603
1299.77 4749.626952
1301.06 4749.589314
1302.35 4749.551690
1303.65 4749.514081
1304.94 4749.476485
1306.24 4749.438903
1307.53 4749.401335
