0.00 5266.263570
12.44 4480.345298
24.72 4429.838747
37.05 4411.046644
49.37 4396.771951
61.71 4393.466952
74.04 4390.690957
86.33 4388.413047
98.64 4386.562827
110.95 4385.055920
123.27 4383.823133
135.57 4382.810118
147.91 4381.974710
160.30 4381.283914
172.57 4380.711462
184.90 4380.236122
197.26 4379.840485
209.56 4379.510053
221.89 4379.232611
234.17 4378.998031
246.51 4378.798378
258.82 4378.627830
271.08 4378.482344
283.36 4378.359375
295.66 4378.257569
307.94 4378.175703
320.27 4378.111634
332.56 4378.062567
344.87 4378.025722
