0.00 5266.263570
9.47 4594.813563
18.91 4482.919813
28.31 4478.091729
37.69 4477.185536
47.06 4477.175653
56.52 4477.034185
65.95 4476.930577
75.42 4476.867458
84.87 4476.829946
94.33 4476.807322
103.77 4476.793310
113.21 4476.784385
122.61 4476.778552
132.05 4476.774654
141.46 4476.772002
150.91 4476.770172
160.35 4476.768895
169.93 4476.767996
179.62 4476.767358
189.39 4476.766903
199.21 4476.766577
209.06 4476.766341
218.89 4476.766168
228.71 4476.766036
238.57 4476.765927
248.49 4476.765821
258.38 4476.765690
268.28 4476.765494
