0.00 15391.158956
0.11 15360.178044
0.22 15334.262748
0.34 15312.400644
0.45 15293.807710
0.56 15277.871466
0.67 15264.109374
0.78 15252.138189
0.90 15241.651185
1.01 15232.401090
1.12 15224.187210
1.23 15216.845617
1.34 15210.241621
1.46 15204.263946
1.57 15198.820192
1.68 15193.833268
1.79 15189.238576
1.90 15184.981766
2.01 15181.016937
2.13 15177.305189
2.24 15173.813448
2.35 15170.513508
2.46 15167.381245
2.57 15164.395976
2.68 15161.539918
2.80 15158.797751
2.91 15156.156244
3.02 15153.603947
3.13 15151.130932
3.24 15148.728572
3.36 15146.389361
3.47 15144.106750
3.58 15141.875020
3.69 15139.689167
3.80 15137.544804
3.91 15135.438079
4.03 15133.365604
4.14 15131.324395
4.25 15129.311819
4.36 15127.325546
4.47 15125.363517
4.58 15123.423901
4.69 15121.505075
4.81 15119.605591
4.92 15117.724160
5.03 15115.859630
5.14 15114.010969
5.25 15112.177251
5.36 15110.357644
5.48 15108.551401
5.59 15106.757845
5.70 15104.976366
5.81 15103.206409
5.92 15101.447473
6.03 15099.699099
6.15 15097.960870
6.26 15096.232406
6.37 15094.513357
6.48 15092.803402
6.59 15091.102247
6.70 15089.409618
6.82 15087.725266
6.93 15086.048957
7.04 15084.380476
7.15 15082.719621
7.26 15081.066205
7.37 15079.420054
7.48 15077.781003
7.60 15076.148901
7.71 15074.523602
7.82 15072.904972
7.93 15071.292882
8.04 15069.687212
8.15 15068.087849
8.27 15066.494684
8.38 15064.907615
8.49 15063.326544
8.60 15061.751379
8.72 15060.182032
8.83 15058.618418
8.94 15057.060458
9.05 15055.508074
9.16 15053.961192
9.28 15052.419743
9.39 15050.883657
9.50 15049.352871
9.61 15047.827322
9.72 15046.306950
9.83 15044.791696
9.95 15043.281505
10.06 15041.776322
10.17 15040.276097
10.28 15038.780778
10.39 15037.290316
10.50 15035.804665
10.62 15034.323780
10.73 15032.847615
10.84 15031.376128
10.95 15029.909278
11.06 15028.447023
11.17 15026.989326
11.29 15025.536147
11.40 15024.087450
11.51 15022.643199
11.62 15021.203358
11.73 15019.767893
11.84 15018.336772
11.96 15016.909961
12.07 15015.487429
12.18 15014.069145
12.29 15012.655079
12.41 15011.245201
12.52 15009.839483
12.63 15008.437897
12.74 15007.040415
12.85 15005.647010
12.97 15004.257656
13.08 15002.872327
13.19 15001.490998
13.30 15000.113644
13.41 14998.740242
13.53 14997.370767
13.64 14996.005196
13.75 14994.643506
13.86 14993.285676
13.97 14991.931683
14.09 14990.581506
14.20 14989.235122
14.31 14987.892513
14.42 14986.553657
14.53 14985.218534
14.64 14983.887125
14.76 14982.559410
14.87 14981.235370
14.98 14979.914986
15.09 14978.598240
15.20 14977.285114
15.31 14975.975590
15.43 14974.669650
15.54 14973.367277
15.65 14972.068453
15.76 14970.773163
15.87 14969.481388
15.98 14968.193114
16.10 14966.908323
16.21 14965.627001
16.32 14964.349130
16.43 14963.074695
16.54 14961.803682
16.65 14960.536076
16.77 14959.271860
16.88 14958.011021
16.99 14956.753544
17.10 14955.499414
17.21 14954.248618
17.32 14953.001140
17.44 14951.756968
17.55 14950.516088
17.66 14949.278486
17.77 14948.044149
17.88 14946.813062
17.99 14945.585214
18.11 14944.360592
18.22 14943.139181
18.33 14941.920970
18.44 14940.705946
18.55 14939.494097
18.66 14938.285409
18.78 14937.079872
18.89 14935.877472
19.00 14934.678198
19.11 14933.482037
19.22 14932.288979
19.33 14931.099011
19.45 14929.912122
19.56 14928.728300
19.67 14927.547534
19.78 14926.369813
19.89 14925.195125
20.00 14924.023459
20.11 14922.854804
20.23 14921.689150
20.34 14920.526486
20.45 14919.366800
20.56 14918.210083
20.67 14917.056323
20.78 14915.905510
20.90 14914.757634
21.01 14913.612684
21.12 14912.470650
21.23 14911.331522
21.34 14910.195290
21.45 14909.061944
21.56 14907.931473
21.68 14906.803868
21.79 14905.679119
21.90 14904.557217
22.01 14903.438150
22.12 14902.321911
22.23 14901.208489
22.35 14900.097875
22.46 14898.990059
22.57 14897.885032
22.68 14896.782785
22.79 14895.683309
22.90 14894.586593
23.02 14893.492629
23.13 14892.401408
23.24 14891.312921
23.35 14890.227159
23.46 14889.144113
23.57 14888.063774
23.69 14886.986133
23.80 14885.911181
23.91 14884.838910
24.02 14883.769312
24.13 14882.702376
24.24 14881.638095
24.36 14880.576461
24.47 14879.517464
24.58 14878.461096
24.69 14877.407350
24.80 14876.356216
24.92 14875.307686
25.03 14874.261752
25.14 14873.218406
25.25 14872.177639
25.36 14871.139444
25.47 14870.103813
25.59 14869.070736
25.70 14868.040207
25.81 14867.012217
25.92 14865.986758
26.03 14864.963823
26.14 14863.943404
26.26 14862.925492
26.37 14861.910080
26.48 14860.897161
26.59 14859.886726
26.70 14858.878768
26.82 14857.873280
26.93 14856.870253
27.04 14855.869680
27.16 14854.871554
27.27 14853.875867
27.38 14852.882612
27.50 14851.891781
27.61 14850.903367
27.73 14849.917362
27.84 14848.933760
27.95 14847.952553
28.07 14846.973733
28.18 14845.997294
28.29 14845.023228
28.41 14844.051528
28.52 14843.082188
28.63 14842.115199
28.75 14841.150555
28.86 14840.188249
28.97 14839.228274
29.09 14838.270623
29.20 14837.315288
29.31 14836.362264
29.43 14835.411543
29.54 14834.463118
29.65 14833.516983
29.77 14832.573131
29.88 14831.631554
29.99 14830.692247
30.11 14829.755202
30.22 14828.820413
30.33 14827.887873
30.45 14826.957576
30.56 14826.029515
30.67 14825.103683
30.79 14824.180074
30.90 14823.258681
31.01 14822.339499
31.13 14821.422519
31.24 14820.507737
31.35 14819.595145
31.47 14818.684738
31.58 14817.776508
31.69 14816.870450
31.80 14815.966557
31.92 14815.064823
32.03 14814.165241
32.14 14813.267806
32.25 14812.372511
32.36 14811.479351
32.48 14810.588318
32.59 14809.699406
32.70 14808.812611
32.81 14807.927925
32.92 14807.045342
33.03 14806.164857
33.15 14805.286463
33.26 14804.410155
33.37 14803.535926
33.48 14802.663771
33.59 14801.793683
33.70 14800.925657
33.82 14800.059687
33.93 14799.195767
34.04 14798.333890
34.15 14797.474052
34.26 14796.616247
34.37 14795.760468
34.48 14794.906710
34.60 14794.054968
34.71 14793.205235
34.82 14792.357506
34.93 14791.511775
35.04 14790.668037
35.15 14789.826285
35.27 14788.986515
35.38 14788.148721
35.49 14787.312897
35.61 14786.479037
35.72 14785.647137
35.83 14784.817190
35.94 14783.989191
36.06 14783.163135
36.17 14782.339017
36.29 14781.516830
36.40 14780.696570
36.51 14779.878230
36.63 14779.061807
36.74 14778.247294
36.85 14777.434685
36.97 14776.623977
37.08 14775.815163
37.19 14775.008238
37.31 14774.203197
37.42 14773.400035
37.53 14772.598746
37.64 14771.799326
37.76 14771.001769
37.87 14770.206069
37.98 14769.412223
38.09 14768.620224
38.20 14767.830068
38.31 14767.041750
38.43 14766.255264
38.54 14765.470605
38.65 14764.687769
38.76 14763.906750
38.87 14763.127544
38.99 14762.350145
39.10 14761.574549
39.21 14760.800750
39.32 14760.028744
39.43 14759.258525
39.54 14758.490090
39.66 14757.723432
39.77 14756.958547
39.88 14756.195431
39.99 14755.434078
40.10 14754.674484
40.21 14753.916643
40.33 14753.160552
40.44 14752.406205
40.55 14751.653597
40.66 14750.902725
40.77 14750.153582
40.88 14749.406165
41.00 14748.660469
41.11 14747.916489
41.22 14747.174220
41.33 14746.433658
41.44 14745.694799
41.55 14744.957637
41.67 14744.222168
41.78 14743.488387
41.89 14742.756291
42.00 14742.025874
42.11 14741.297131
42.22 14740.570060
42.34 14739.844654
42.45 14739.120909
42.56 14738.398822
42.67 14737.678387
42.78 14736.959600
42.89 14736.242456
43.01 14735.526952
43.12 14734.813083
43.23 14734.100844
43.34 14733.390232
43.45 14732.681241
43.56 14731.973868
43.67 14731.268108
43.79 14730.563957
43.90 14729.861411
44.01 14729.160464
44.12 14728.461114
44.23 14727.763356
44.34 14727.067185
44.46 14726.372598
44.57 14725.679590
44.68 14724.988156
44.79 14724.298294
44.90 14723.609998
45.01 14722.923265
45.13 14722.238090
45.24 14721.554470
45.35 14720.872399
45.46 14720.191875
45.57 14719.512893
45.68 14718.835448
45.79 14718.159538
45.91 14717.485157
46.02 14716.812302
46.13 14716.140969
46.24 14715.471153
46.35 14714.802852
46.46 14714.136060
46.57 14713.470774
46.69 14712.806990
46.80 14712.144704
46.91 14711.483912
47.02 14710.824611
47.13 14710.166795
47.24 14709.510462
47.36 14708.855607
47.47 14708.202227
47.58 14707.550318
47.69 14706.899875
47.80 14706.250896
47.91 14705.603376
48.03 14704.957311
48.14 14704.312699
48.25 14703.669534
48.36 14703.027813
48.47 14702.387533
48.58 14701.748689
48.70 14701.111279
48.81 14700.475297
48.92 14699.840741
49.03 14699.207607
49.14 14698.575892
49.25 14697.945590
49.37 14697.316700
49.48 14696.689216
49.59 14696.063136
49.70 14695.438456
49.81 14694.815173
49.92 14694.193282
50.04 14693.572780
50.15 14692.953664
50.26 14692.335929
50.37 14691.719573
50.48 14691.104592
50.60 14690.490982
50.71 14689.878741
50.82 14689.267863
50.93 14688.658346
51.05 14688.050186
51.16 14687.443381
51.27 14686.837925
51.38 14686.233817
51.49 14685.631052
51.60 14685.029627
51.72 14684.429538
51.83 14683.830783
51.94 14683.233357
52.05 14682.637258
52.16 14682.042482
52.27 14681.449025
52.39 14680.856885
52.50 14680.266057
52.61 14679.676539
52.72 14679.088327
52.83 14678.501418
52.94 14677.915809
53.06 14677.331496
53.17 14676.748476
53.28 14676.166745
53.39 14675.586301
53.50 14675.007140
53.61 14674.429259
53.73 14673.852655
53.84 14673.277324
53.95 14672.703264
54.06 14672.130470
54.17 14671.558940
54.28 14670.988671
54.39 14670.419659
54.51 14669.851901
54.62 14669.285395
54.73 14668.720136
54.84 14668.156122
54.95 14667.593350
55.06 14667.031816
55.18 14666.471518
55.29 14665.912452
55.40 14665.354615
55.51 14664.798004
55.62 14664.242616
55.73 14663.688448
55.85 14663.135497
55.96 14662.583760
56.07 14662.033234
56.18 14661.483915
56.29 14660.935801
56.40 14660.388889
56.52 14659.843175
56.63 14659.298657
56.74 14658.755332
56.85 14658.213197
56.96 14657.672248
57.07 14657.132483
57.18 14656.593899
57.30 14656.056493
57.41 14655.520262
57.52 14654.985203
57.64 14654.451313
57.75 14653.918589
57.86 14653.387028
57.98 14652.856628
58.09 14652.327385
58.20 14651.799297
58.32 14651.272361
58.43 14650.746573
58.54 14650.221932
58.66 14649.698434
58.77 14649.176076
58.88 14648.654856
59.00 14648.134771
59.11 14647.615817
59.22 14647.097993
59.34 14646.581295
59.45 14646.065720
59.56 14645.551266
59.68 14645.037931
59.79 14644.525710
59.90 14644.014602
60.02 14643.504604
60.13 14642.995713
60.24 14642.487926
60.36 14641.981240
60.47 14641.475653
60.58 14640.971163
60.70 14640.467766
60.81 14639.965460
60.92 14639.464241
61.04 14638.964108
61.15 14638.465058
61.26 14637.967088
61.38 14637.470196
61.49 14636.974378
61.60 14636.479632
61.71 14635.985956
61.83 14635.493346
61.94 14635.001801
62.05 14634.511318
62.17 14634.021893
62.28 14633.533526
62.39 14633.046212
62.51 14632.559949
62.62 14632.074735
62.73 14631.590567
62.85 14631.107443
62.96 14630.625360
63.08 14630.144316
63.19 14629.664308
63.30 14629.185333
63.42 14628.707389
63.53 14628.230473
63.64 14627.754584
63.76 14627.279718
63.87 14626.805873
63.98 14626.333046
64.10 14625.861236
64.21 14625.390439
64.32 14624.920653
64.44 14624.451876
64.55 14623.984105
64.66 14623.517338
64.78 14623.051572
64.89 14622.586805
65.00 14622.123034
65.11 14621.660257
65.23 14621.198473
65.34 14620.737677
65.45 14620.277868
65.57 14619.819044
65.68 14619.361202
65.80 14618.904340
65.91 14618.448455
66.02 14617.993545
66.13 14617.539608
66.25 14617.086641
66.36 14616.634641
66.48 14616.183608
66.59 14615.733538
66.70 14615.284429
66.81 14614.836279
66.93 14614.389085
67.04 14613.942845
67.16 14613.497557
67.27 14613.053218
67.38 14612.609827
67.49 14612.167380
67.61 14611.725876
67.72 14611.285313
67.84 14610.845688
67.95 14610.406998
68.06 14609.969243
68.18 14609.532419
68.29 14609.096524
68.40 14608.661556
68.52 14608.227512
68.63 14607.794392
68.74 14607.362191
68.86 14606.930909
68.97 14606.500543
69.08 14606.071090
69.20 14605.642549
69.31 14605.214918
69.42 14604.788194
69.54 14604.362374
69.65 14603.937458
69.76 14603.513443
69.88 14603.090326
69.99 14602.668105
70.10 14602.246779
70.22 14601.826345
70.33 14601.406802
70.44 14600.988146
70.56 14600.570376
70.67 14600.153490
70.78 14599.737485
70.90 14599.322361
71.01 14598.908113
71.12 14598.494741
71.23 14598.082243
71.35 14597.670615
71.46 14597.259857
71.57 14596.849966
71.69 14596.440940
71.80 14596.032777
71.91 14595.625475
72.03 14595.219032
72.14 14594.813446
72.25 14594.408715
72.37 14594.004836
72.48 14593.601809
72.59 14593.199630
72.71 14592.798299
72.82 14592.397812
72.93 14591.998168
73.04 14591.599364
73.16 14591.201400
73.27 14590.804273
73.38 14590.407980
73.50 14590.012521
73.61 14589.617893
73.72 14589.224093
73.84 14588.831121
73.95 14588.438974
74.06 14588.047650
74.18 14587.657148
74.29 14587.267464
74.40 14586.878599
74.52 14586.490548
74.63 14586.103312
74.74 14585.716887
74.86 14585.331272
74.97 14584.946465
75.08 14584.562463
75.20 14584.179266
75.31 14583.796871
75.42 14583.415277
75.54 14583.034481
75.65 14582.654481
75.76 14582.275277
75.88 14581.896865
75.99 14581.519244
76.11 14581.142413
76.22 14580.766368
76.33 14580.391110
76.45 14580.016635
76.56 14579.642941
76.67 14579.270028
76.79 14578.897893
76.90 14578.526535
77.01 14578.155951
77.13 14577.786140
77.24 14577.417099
77.35 14577.048828
77.47 14576.681325
77.58 14576.314587
77.69 14575.948613
77.81 14575.583401
77.92 14575.218949
78.03 14574.855255
78.15 14574.492319
78.26 14574.130137
78.37 14573.768709
78.49 14573.408032
78.60 14573.048105
78.71 14572.688926
78.83 14572.330493
78.94 14571.972805
79.05 14571.615860
79.17 14571.259655
79.28 14570.904190
79.39 14570.549463
79.51 14570.195472
79.62 14569.842215
79.73 14569.489691
79.85 14569.137897
79.96 14568.786833
80.07 14568.436496
80.19 14568.086885
80.30 14567.737998
80.41 14567.389834
80.53 14567.042391
80.64 14566.695666
80.75 14566.349659
80.87 14566.004368
80.98 14565.659791
81.09 14565.315927
81.20 14564.972774
81.32 14564.630330
81.43 14564.288593
81.55 14563.947563
81.66 14563.607237
81.77 14563.267613
81.88 14562.928691
82.00 14562.590469
82.11 14562.252944
82.22 14561.916116
82.34 14561.579982
82.45 14561.244541
82.56 14560.909792
82.68 14560.575734
82.79 14560.242363
82.90 14559.909679
83.02 14559.577681
83.13 14559.246366
83.25 14558.915733
83.36 14558.585781
83.47 14558.256507
83.59 14557.927911
83.70 14557.599991
83.81 14557.272746
83.92 14556.946173
84.03 14556.620271
84.14 14556.295039
84.26 14555.970475
84.37 14555.646578
84.48 14555.323346
84.59 14555.000778
84.70 14554.678872
84.81 14554.357626
84.93 14554.037039
85.04 14553.717110
85.15 14553.397838
85.26 14553.079219
85.37 14552.761254
85.48 14552.443940
85.60 14552.127277
85.71 14551.811262
85.82 14551.495894
85.93 14551.181172
86.04 14550.867095
86.16 14550.553660
86.27 14550.240866
86.38 14549.928712
86.49 14549.617197
86.60 14549.306319
86.71 14548.996076
86.83 14548.686467
86.94 14548.377491
87.05 14548.069146
87.16 14547.761431
87.27 14547.454344
87.38 14547.147884
87.49 14546.842049
87.61 14546.536839
87.72 14546.232251
87.83 14545.928284
87.94 14545.624938
88.05 14545.322210
88.17 14545.020098
88.28 14544.718603
88.39 14544.417722
88.50 14544.117453
88.61 14543.817796
88.72 14543.518750
88.84 14543.220311
88.95 14542.922481
89.06 14542.625256
89.17 14542.328636
89.28 14542.032619
89.39 14541.737204
89.51 14541.442390
89.62 14541.148175
89.73 14540.854557
89.84 14540.561536
89.95 14540.269111
90.06 14539.977279
90.18 14539.686039
90.29 14539.395391
90.40 14539.105333
90.51 14538.815863
90.62 14538.526980
90.73 14538.238683
90.85 14537.950970
90.96 14537.663841
91.07 14537.377294
91.18 14537.091327
91.29 14536.805940
91.40 14536.521130
91.52 14536.236898
91.63 14535.953240
91.74 14535.670157
91.85 14535.387647
91.97 14535.105708
92.08 14534.824339
92.19 14534.543540
92.31 14534.263308
92.42 14533.983643
92.53 14533.704542
92.64 14533.426006
92.76 14533.148032
92.87 14532.870620
92.98 14532.593768
93.10 14532.317475
93.21 14532.041740
93.32 14531.766560
93.44 14531.491936
93.55 14531.217866
93.66 14530.944349
93.78 14530.671383
93.89 14530.398967
94.00 14530.127101
94.12 14529.855782
94.23 14529.585009
94.34 14529.314782
94.46 14529.045099
94.57 14528.775959
94.68 14528.507361
94.79 14528.239303
94.90 14527.971784
95.01 14527.704804
95.13 14527.438360
95.24 14527.172452
95.35 14526.907079
95.46 14526.642239
95.57 14526.377931
95.68 14526.114154
95.79 14525.850907
95.91 14525.588188
96.02 14525.325997
96.13 14525.064332
96.24 14524.803192
96.35 14524.542576
96.46 14524.282483
96.58 14524.022912
96.69 14523.763861
96.80 14523.505329
96.91 14523.247315
97.02 14522.989819
97.13 14522.732838
97.24 14522.476372
97.36 14522.220419
97.47 14521.964979
97.58 14521.710050
97.69 14521.455632
97.80 14521.201722
97.91 14520.948320
98.02 14520.695426
98.14 14520.443036
98.25 14520.191152
98.36 14519.939771
98.47 14519.688892
98.58 14519.438514
98.69 14519.188637
98.81 14518.939258
98.92 14518.690378
99.03 14518.441994
99.14 14518.194106
99.25 14517.946713
99.36 14517.699813
99.47 14517.453406
99.59 14517.207490
99.70 14516.962064
99.81 14516.717127
99.92 14516.472679
100.03 14516.228718
100.14 14515.985243
100.25 14515.742252
100.37 14515.499746
100.48 14515.257722
100.59 14515.016180
100.70 14514.775119
100.81 14514.534537
100.93 14514.294434
101.04 14514.054808
101.15 14513.815659
101.26 14513.576986
101.37 14513.338786
101.48 14513.101060
101.60 14512.863807
101.71 14512.627024
101.82 14512.390712
101.93 14512.154869
102.04 14511.919495
102.15 14511.684587
102.27 14511.450146
102.38 14511.216169
102.49 14510.982657
102.60 14510.749608
102.71 14510.517021
102.82 14510.284895
102.94 14510.053229
103.05 14509.822022
103.16 14509.591273
103.27 14509.360981
103.38 14509.131145
103.49 14508.901764
103.61 14508.672838
103.72 14508.444364
103.83 14508.216342
103.94 14507.988772
104.05 14507.761651
104.16 14507.534980
104.28 14507.308757
104.39 14507.082981
104.50 14506.857651
104.61 14506.632767
104.72 14506.408326
104.83 14506.184329
104.94 14505.960775
105.06 14505.737661
105.17 14505.514989
105.28 14505.292755
105.39 14505.070960
105.50 14504.849603
105.61 14504.628682
105.73 14504.408196
105.84 14504.188146
105.95 14503.968529
106.06 14503.749345
106.17 14503.530593
106.28 14503.312272
106.40 14503.094380
106.51 14502.876918
106.62 14502.659884
106.73 14502.443277
106.84 14502.227096
106.95 14502.011341
107.07 14501.796010
107.18 14501.581103
107.29 14501.366618
107.40 14501.152555
107.51 14500.938913
107.62 14500.725690
107.74 14500.512887
107.85 14500.300501
107.96 14500.088533
108.07 14499.876981
108.18 14499.665844
108.29 14499.455122
108.41 14499.244813
108.52 14499.034916
108.63 14498.825432
108.74 14498.616358
108.85 14498.407695
108.96 14498.199440
109.07 14497.991594
109.19 14497.784155
109.30 14497.577122
109.41 14497.370495
109.52 14497.164273
109.63 14496.958454
109.74 14496.753039
109.86 14496.548025
109.97 14496.343413
110.08 14496.139201
110.19 14495.935389
110.30 14495.731975
110.41 14495.528959
110.53 14495.326340
110.64 14495.124117
110.75 14494.922289
110.86 14494.720855
110.97 14494.519815
111.08 14494.319168
111.20 14494.118913
111.31 14493.919048
111.42 14493.719574
111.53 14493.520489
111.64 14493.321792
111.75 14493.123483
111.86 14492.925561
111.98 14492.728025
112.09 14492.530874
112.20 14492.334107
