0.00 15391.158956
1.18 14701.593089
2.34 14608.647516
3.50 14537.476509
4.66 14474.845624
5.82 14418.712726
6.98 14367.962060
8.14 14321.897373
9.31 14279.908307
10.47 14241.514594
11.64 14206.181924
12.80 14173.595798
13.97 14143.543120
15.13 14115.793743
16.30 14090.144225
17.45 14066.417343
18.62 14044.455828
19.78 14024.117342
20.94 14005.272505
22.11 13987.805169
23.26 13971.613233
24.43 13956.609068
25.58 13942.719385
26.74 13929.881399
27.90 13918.014793
29.06 13907.048201
30.22 13896.944705
31.39 13887.669339
32.56 13879.188886
33.72 13871.474809
34.89 13864.504331
36.05 13858.260474
37.22 13852.731359
38.38 13847.908645
39.55 13843.784663
40.71 13840.347639
41.88 13837.574832
43.04 13835.424619
44.21 13833.830890
45.38 13832.704471
46.54 13831.943568
47.72 13831.449127
48.88 13831.137366
