0.00 15391.158956
0.66 15085.987101
1.33 14900.432378
2.00 14760.619661
2.66 14651.233205
3.34 14564.726923
4.01 14494.903045
4.68 14437.550552
5.35 14389.804757
6.02 14349.613863
6.69 14315.443843
7.35 14286.116641
8.02 14260.710916
8.69 14238.509528
9.36 14218.943636
10.02 14201.560877
10.72 14186.000492
11.41 14171.973681
12.08 14159.248296
12.74 14147.636875
13.41 14136.987269
14.07 14127.175295
14.73 14118.098959
15.39 14109.673925
16.08 14101.829947
16.74 14094.508058
17.40 14087.658354
18.07 14081.238242
18.75 14075.211059
19.42 14069.544970
20.09 14064.212099
20.76 14059.187838
21.45 14054.450289
22.11 14049.979824
22.78 14045.758730
23.45 14041.770924
24.12 14038.001716
24.82 14034.437628
25.48 14031.066233
26.15 14027.876034
26.82 14024.856358
27.49 14021.997265
28.14 14019.289482
28.84 14016.724331
