0.00 5395.766070
0.97 5371.278692
1.95 5347.770471
2.93 5325.195022
3.91 5303.508442
4.89 5282.669165
5.87 5262.637830
6.85 5243.377143
7.83 5224.851768
8.81 5207.028206
9.79 5189.874694
10.78 5173.361103
11.76 5157.458847
12.74 5142.140795
13.72 5127.381190
14.70 5113.155567
15.68 5099.440689
16.67 5086.214472
17.65 5073.455923
18.63 5061.145082
19.61 5049.262964
20.59 5037.791505
21.58 5026.713514
22.56 5016.012623
23.54 5005.673247
24.52 4995.680539
25.51 4986.020353
26.50 4976.679202
27.49 4967.644231
28.47 4958.903177
29.46 4950.444342
30.45 4942.256562
31.44 4934.329178
32.42 4926.652010
33.41 4919.215332
34.40 4912.009846
35.38 4905.026657
36.37 4898.257243
37.36 4891.693436
38.35 4885.327382
39.33 4879.151514
40.30 4873.158533
41.28 4867.341439
42.25 4861.693628
43.23 4856.208966
44.20 4850.881742
45.17 4845.706519
46.15 4840.678041
47.12 4835.791207
48.09 4831.041080
49.06 4826.422891
50.03 4821.932047
50.99 4817.564127
51.96 4813.314883
52.93 4809.180233
53.90 4805.156252
54.87 4801.239173
55.84 4797.425373
56.81 4793.711374
57.78 4790.093831
58.75 4786.569531
59.72 4783.135385
60.69 4779.788420
61.66 4776.525782
62.63 4773.344722
63.60 4770.242597
64.58 4767.216863
65.56 4764.265073
66.54 4761.384871
67.52 4758.573988
68.50 4755.830239
69.48 4753.151522
70.46 4750.535808
71.44 4747.981146
72.43 4745.485654
73.41 4743.047518
74.38 4740.664989
75.35 4738.336381
76.32 4736.060069
77.29 4733.834483
78.26 4731.658112
79.23 4729.529494
80.20 4727.447222
81.17 4725.409934
82.14 4723.416318
83.11 4721.465106
84.08 4719.555073
85.05 4717.685038
86.02 4715.853856
86.99 4714.060425
87.96 4712.303677
88.93 4710.582580
89.89 4708.896139
90.86 4707.243388
91.83 4705.623396
92.80 4704.035261
93.77 4702.478110
94.74 4700.951100
95.71 4699.453414
96.68 4697.984261
97.65 4696.542877
98.62 4695.128521
99.60 4693.740475
100.57 4692.378045
101.53 4691.040559
102.50 4689.727364
103.47 4688.437829
104.44 4687.171341
105.41 4685.927309
106.38 4684.705157
107.35 4683.504328
108.32 4682.324281
109.29 4681.164493
110.26 4680.024454
111.22 4678.903673
112.19 4677.801671
113.16 4676.717983
114.13 4675.652160
115.10 4674.603764
116.07 4673.572371
117.04 4672.557569
118.01 4671.558958
118.97 4670.576149
119.94 4669.608766
120.92 4668.656442
121.89 4667.718820
122.85 4666.795556
123.83 4665.886314
124.80 4664.990766
125.77 4664.108595
126.74 4663.239493
127.71 4662.383161
128.68 4661.539306
129.65 4660.707646
130.62 4659.887905
131.59 4659.079814
132.56 4658.283114
133.53 4657.497551
134.50 4656.722879
135.47 4655.958858
136.44 4655.205254
137.41 4654.461842
138.38 4653.728399
139.34 4653.004713
140.32 4652.290573
141.29 4651.585776
142.26 4650.890125
143.23 4650.203428
144.20 4649.525497
145.17 4648.856149
146.14 4648.195208
147.11 4647.542502
148.08 4646.897861
149.05 4646.261123
150.02 4645.632129
150.99 4645.010723
151.96 4644.396755
152.93 4643.790079
153.90 4643.190551
154.87 4642.598032
155.84 4642.012387
156.81 4641.433485
157.78 4640.861196
158.75 4640.295396
159.72 4639.735963
160.70 4639.182778
161.68 4638.635727
162.65 4638.094695
163.62 4637.559575
164.60 4637.030259
165.57 4636.506643
166.54 4635.988625
167.52 4635.476107
168.49 4634.968992
169.46 4634.467186
170.44 4633.970598
171.41 4633.479138
172.39 4632.992719
173.36 4632.511256
174.34 4632.034665
175.31 4631.562866
176.29 4631.095780
177.26 4630.633330
178.23 4630.175439
179.21 4629.722035
180.18 4629.273045
181.16 4628.828399
182.14 4628.388028
183.12 4627.951866
184.09 4627.519846
185.07 4627.091904
186.05 4626.667978
187.04 4626.248006
188.03 4625.831928
189.02 4625.419686
190.00 4625.011221
190.99 4624.606477
191.97 4624.205401
192.95 4623.807936
193.93 4623.414031
194.91 4623.023634
195.88 4622.636694
196.85 4622.253161
197.82 4621.872988
198.79 4621.496125
199.76 4621.122527
200.73 4620.752147
201.70 4620.384941
202.67 4620.020864
203.64 4619.659874
204.61 4619.301928
205.58 4618.946984
206.55 4618.595002
207.52 4618.245942
208.49 4617.899764
209.46 4617.556430
210.43 4617.215902
211.40 4616.878143
212.37 4616.543117
213.34 4616.210787
214.31 4615.881119
215.28 4615.554078
216.25 4615.229630
217.22 4614.907743
218.19 4614.588382
219.16 4614.271517
220.12 4613.957115
221.10 4613.645146
222.07 4613.335579
223.04 4613.028384
224.01 4612.723532
224.98 4612.420994
225.95 4612.120742
226.92 4611.822747
227.89 4611.526981
228.86 4611.233419
229.83 4610.942034
230.80 4610.652798
231.77 4610.365687
232.74 4610.080676
233.71 4609.797739
234.68 4609.516851
235.65 4609.237990
236.62 4608.961131
237.59 4608.686252
238.56 4608.413328
239.53 4608.142337
240.50 4607.873258
241.47 4607.606069
242.44 4607.340747
243.40 4607.077272
244.37 4606.815623
245.34 4606.555780
246.31 4606.297721
247.28 4606.041428
248.25 4605.786881
249.22 4605.534061
250.19 4605.282947
251.16 4605.033523
252.13 4604.785769
253.10 4604.539667
254.07 4604.295200
255.04 4604.052349
256.01 4603.811098
256.98 4603.571429
257.95 4603.333326
258.92 4603.096771
259.89 4602.861749
260.86 4602.628243
261.83 4602.396238
262.80 4602.165717
263.77 4601.936666
264.74 4601.709070
265.71 4601.482912
266.68 4601.258179
267.65 4601.034856
268.62 4600.812928
269.59 4600.592381
270.56 4600.373202
271.52 4600.155377
272.50 4599.938891
273.47 4599.723732
274.44 4599.509887
275.41 4599.297341
276.38 4599.086084
277.35 4598.876101
278.31 4598.667380
279.28 4598.459909
280.25 4598.253676
281.22 4598.048668
282.19 4597.844875
283.17 4597.642283
284.14 4597.440883
285.10 4597.240661
286.07 4597.041607
287.04 4596.843710
288.01 4596.646960
288.98 4596.451344
289.95 4596.256852
290.92 4596.063475
291.89 4595.871201
292.86 4595.680020
293.83 4595.489922
294.81 4595.300897
295.78 4595.112935
296.76 4594.926027
297.74 4594.740162
298.72 4594.555332
299.70 4594.371526
300.68 4594.188736
301.66 4594.006952
302.64 4593.826166
303.62 4593.646368
304.60 4593.467549
305.57 4593.289701
306.56 4593.112815
307.64 4592.936883
308.62 4592.761895
309.60 4592.587845
310.58 4592.414723
311.55 4592.242522
312.52 4592.071233
313.50 4591.900849
314.47 4591.731361
315.44 4591.562763
316.41 4591.395045
317.38 4591.228201
318.36 4591.062224
319.33 4590.897105
320.30 4590.732838
321.27 4590.569415
322.24 4590.406829
323.21 4590.245073
324.18 4590.084140
325.15 4589.924023
326.12 4589.764716
327.09 4589.606211
328.06 4589.448502
329.03 4589.291582
330.00 4589.135445
330.97 4588.980085
331.94 4588.825494
332.91 4588.671667
333.88 4588.518597
334.85 4588.366278
335.82 4588.214704
336.79 4588.063870
337.76 4587.913768
338.73 4587.764394
339.70 4587.615740
340.67 4587.467803
341.64 4587.320575
342.61 4587.174051
343.58 4587.028225
344.55 4586.883092
345.52 4586.738647
346.49 4586.594884
347.46 4586.451797
348.43 4586.309382
349.40 4586.167633
350.37 4586.026545
351.33 4585.886112
352.31 4585.746330
353.28 4585.607193
354.25 4585.468697
355.21 4585.330836
356.18 4585.193607
357.16 4585.057003
358.13 4584.921020
359.10 4584.785653
360.06 4584.650898
361.03 4584.516750
362.00 4584.383204
362.98 4584.250256
363.95 4584.117901
364.92 4583.986135
365.89 4583.854953
366.86 4583.724351
367.83 4583.594325
368.80 4583.464871
369.77 4583.335983
370.74 4583.207658
371.71 4583.079892
372.68 4582.952680
373.65 4582.826019
374.62 4582.699904
375.59 4582.574332
376.56 4582.449298
377.52 4582.324799
378.49 4582.200830
379.46 4582.077388
380.43 4581.954468
381.40 4581.832068
382.37 4581.710183
383.34 4581.588810
384.32 4581.467945
385.29 4581.347584
386.26 4581.227723
387.23 4581.108360
388.20 4580.989490
389.17 4580.871111
390.14 4580.753218
391.11 4580.635807
392.08 4580.518877
393.05 4580.402423
394.02 4580.286441
394.99 4580.170930
395.96 4580.055884
396.93 4579.941302
397.90 4579.827179
398.87 4579.713513
399.84 4579.600301
400.80 4579.487538
401.77 4579.375223
402.74 4579.263351
403.71 4579.151921
404.68 4579.040929
405.65 4578.930371
406.62 4578.820245
407.59 4578.710549
408.56 4578.601278
409.53 4578.492430
410.50 4578.384003
411.47 4578.275993
412.45 4578.168397
413.43 4578.061213
414.40 4577.954438
415.38 4577.848070
416.36 4577.742104
417.35 4577.636540
418.33 4577.531373
419.31 4577.426602
420.29 4577.322224
421.26 4577.218235
422.23 4577.114634
423.20 4577.011418
424.18 4576.908585
425.15 4576.806131
426.12 4576.704054
427.09 4576.602353
428.05 4576.501023
429.02 4576.400064
430.00 4576.299472
430.98 4576.199245
431.95 4576.099381
432.92 4575.999877
433.90 4575.900731
434.87 4575.801940
435.84 4575.703503
436.82 4575.605417
437.79 4575.507680
438.76 4575.410289
439.74 4575.313243
440.71 4575.216538
441.69 4575.120173
442.66 4575.024146
443.63 4574.928455
444.61 4574.833097
445.58 4574.738070
446.56 4574.643372
447.53 4574.549001
448.51 4574.454955
449.48 4574.361232
450.45 4574.267829
451.42 4574.174746
452.39 4574.081979
453.36 4573.989527
454.33 4573.897388
455.30 4573.805560
456.27 4573.714040
457.24 4573.622828
458.21 4573.531920
459.18 4573.441316
460.15 4573.351013
461.12 4573.261009
462.09 4573.171303
463.06 4573.081892
464.03 4572.992775
465.00 4572.903950
465.98 4572.815415
466.95 4572.727169
467.92 4572.639210
468.89 4572.551535
469.85 4572.464143
470.82 4572.377033
471.79 4572.290202
472.77 4572.203650
473.74 4572.117373
474.71 4572.031372
475.68 4571.945643
476.64 4571.860185
477.61 4571.774997
478.59 4571.690077
479.55 4571.605423
480.52 4571.521034
481.49 4571.436909
482.46 4571.353044
483.43 4571.269440
484.40 4571.186094
485.37 4571.103005
486.34 4571.020172
487.30 4570.937592
488.27 4570.855265
489.24 4570.773188
490.20 4570.691361
491.17 4570.609781
492.13 4570.528448
493.10 4570.447360
494.06 4570.366515
495.03 4570.285913
495.99 4570.205550
496.95 4570.125427
497.92 4570.045542
498.89 4569.965893
499.85 4569.886480
500.82 4569.807299
501.78 4569.728352
502.75 4569.649634
503.71 4569.571147
504.68 4569.492888
505.64 4569.414855
506.61 4569.337048
507.58 4569.259466
508.54 4569.182106
509.51 4569.104968
510.47 4569.028051
511.44 4568.951352
512.41 4568.874872
513.37 4568.798608
514.34 4568.722559
515.31 4568.646724
516.29 4568.571103
517.26 4568.495693
518.22 4568.420493
519.19 4568.345503
520.16 4568.270721
521.13 4568.196146
522.10 4568.121776
523.07 4568.047612
524.04 4567.973650
525.01 4567.899891
525.98 4567.826333
526.95 4567.752974
527.93 4567.679815
528.90 4567.606853
529.88 4567.534088
530.86 4567.461519
531.84 4567.389144
532.82 4567.316962
533.79 4567.244972
534.77 4567.173174
535.75 4567.101566
536.73 4567.030147
537.70 4566.958915
538.67 4566.887871
539.64 4566.817013
540.61 4566.746339
541.58 4566.675850
542.55 4566.605543
543.52 4566.535418
544.49 4566.465474
545.46 4566.395710
546.43 4566.326124
547.40 4566.256717
548.37 4566.187486
549.35 4566.118431
550.32 4566.049551
551.29 4565.980846
552.26 4565.912313
553.23 4565.843952
554.20 4565.775763
555.17 4565.707744
556.14 4565.639894
557.11 4565.572212
558.08 4565.504698
559.05 4565.437351
560.02 4565.370169
560.99 4565.303152
561.96 4565.236299
562.93 4565.169610
563.90 4565.103082
564.88 4565.036715
565.85 4564.970509
566.83 4564.904463
567.80 4564.838575
568.77 4564.772845
569.75 4564.707272
570.72 4564.641855
571.69 4564.576593
572.67 4564.511486
573.64 4564.446533
574.62 4564.381733
575.59 4564.317085
576.56 4564.252588
577.54 4564.188241
578.51 4564.124044
579.48 4564.059996
580.46 4563.996096
581.43 4563.932344
582.40 4563.868738
583.38 4563.805278
584.35 4563.741963
585.33 4563.678792
586.30 4563.615765
587.27 4563.552880
588.23 4563.490137
589.21 4563.427536
590.18 4563.365075
591.15 4563.302755
592.12 4563.240573
593.09 4563.178529
594.05 4563.116624
595.02 4563.054855
595.99 4562.993222
596.96 4562.931725
597.93 4562.870363
598.91 4562.809135
599.87 4562.748040
600.84 4562.687079
601.81 4562.626249
602.78 4562.565551
603.75 4562.504983
604.72 4562.444546
605.69 4562.384238
606.66 4562.324059
607.63 4562.264008
608.60 4562.204084
609.57 4562.144287
610.54 4562.084616
611.51 4562.025071
612.48 4561.965651
613.45 4561.906355
614.42 4561.847183
615.39 4561.788133
616.36 4561.729207
617.33 4561.670401
618.30 4561.611717
619.27 4561.553154
620.24 4561.494711
621.21 4561.436387
622.18 4561.378181
623.15 4561.320094
624.12 4561.262125
625.09 4561.204272
626.06 4561.146536
627.03 4561.088916
628.00 4561.031411
628.97 4560.974021
629.94 4560.916745
630.91 4560.859583
631.88 4560.802533
632.85 4560.745596
633.82 4560.688771
634.79 4560.632057
635.76 4560.575454
636.73 4560.518962
637.70 4560.462579
638.67 4560.406305
639.64 4560.350140
640.61 4560.294083
641.58 4560.238133
642.55 4560.182291
643.52 4560.126555
644.50 4560.070926
645.48 4560.015402
646.45 4559.959982
647.43 4559.904668
648.41 4559.849457
649.38 4559.794350
650.36 4559.739346
651.34 4559.684444
652.32 4559.629645
653.29 4559.574947
654.26 4559.520350
655.23 4559.465853
656.20 4559.411457
657.17 4559.357160
658.14 4559.302963
659.11 4559.248864
660.08 4559.194863
661.05 4559.140960
662.03 4559.087154
662.99 4559.033445
663.97 4558.979832
664.94 4558.926316
665.91 4558.872894
666.88 4558.819568
667.85 4558.766336
668.82 4558.713198
669.79 4558.660154
670.76 4558.607203
671.73 4558.554345
672.70 4558.501580
673.67 4558.448906
674.64 4558.396323
675.61 4558.343832
676.58 4558.291431
677.55 4558.239121
678.51 4558.186900
679.49 4558.134769
680.46 4558.082726
681.43 4558.030772
682.40 4557.978907
683.37 4557.927129
684.33 4557.875438
685.32 4557.823834
686.29 4557.772317
687.26 4557.720886
688.23 4557.669541
689.20 4557.618281
690.17 4557.567106
691.14 4557.516015
692.11 4557.465009
693.08 4557.414087
694.05 4557.363248
695.02 4557.312491
695.99 4557.261818
696.96 4557.211227
697.93 4557.160718
698.90 4557.110290
699.96 4557.059944
700.95 4557.009678
701.94 4556.959493
702.94 4556.909388
703.94 4556.859362
704.92 4556.809416
705.92 4556.759549
706.91 4556.709761
707.91 4556.660051
708.91 4556.610419
709.90 4556.560864
710.90 4556.511387
711.90 4556.461987
712.89 4556.412663
713.88 4556.363416
714.88 4556.314244
715.88 4556.265148
716.88 4556.216127
717.87 4556.167181
718.86 4556.118310
719.85 4556.069513
720.82 4556.020790
721.79 4555.972140
722.76 4555.923564
723.73 4555.875061
724.70 4555.826630
725.67 4555.778272
726.64 4555.729986
727.61 4555.681771
728.58 4555.633628
729.55 4555.585556
730.52 4555.537554
731.49 4555.489623
732.46 4555.441763
733.43 4555.393972
734.40 4555.346250
735.37 4555.298598
736.34 4555.251015
737.31 4555.203501
738.28 4555.156055
739.25 4555.108676
740.22 4555.061366
741.19 4555.014123
742.16 4554.966948
743.13 4554.919839
744.10 4554.872797
745.07 4554.825822
746.04 4554.778912
747.01 4554.732068
747.98 4554.685290
748.95 4554.638577
749.92 4554.591929
750.89 4554.545346
751.86 4554.498827
752.83 4554.452372
753.80 4554.405981
754.77 4554.359654
755.74 4554.313390
756.71 4554.267189
757.68 4554.221051
758.65 4554.174976
759.62 4554.128963
760.60 4554.083012
761.58 4554.037122
762.56 4553.991295
763.54 4553.945528
764.51 4553.899823
765.49 4553.854178
766.47 4553.808594
767.45 4553.763070
768.42 4553.717606
769.40 4553.672202
770.37 4553.626858
771.33 4553.581573
772.31 4553.536347
773.28 4553.491179
774.25 4553.446071
775.22 4553.401020
776.19 4553.356028
777.16 4553.311094
778.13 4553.266217
779.10 4553.221398
780.07 4553.176636
781.04 4553.131930
782.00 4553.087282
782.97 4553.042690
783.94 4552.998154
784.91 4552.953675
785.88 4552.909251
786.85 4552.864882
787.82 4552.820570
788.79 4552.776312
789.77 4552.732109
790.74 4552.687961
791.71 4552.643867
792.68 4552.599828
793.65 4552.555843
794.62 4552.511912
795.59 4552.468034
796.56 4552.424210
797.53 4552.380439
798.50 4552.336721
799.47 4552.293056
800.44 4552.249443
801.41 4552.205883
802.38 4552.162375
803.35 4552.118919
804.32 4552.075515
805.29 4552.032162
806.26 4551.988861
807.23 4551.945611
808.20 4551.902412
809.17 4551.859264
810.15 4551.816166
811.11 4551.773119
812.09 4551.730122
813.05 4551.687176
814.02 4551.644279
814.99 4551.601431
815.96 4551.558633
816.93 4551.515885
817.90 4551.473185
818.87 4551.430535
819.84 4551.387933
820.81 4551.345380
821.78 4551.302875
822.75 4551.260418
823.73 4551.218009
824.70 4551.175648
825.67 4551.133335
826.64 4551.091069
827.61 4551.048850
828.58 4551.006679
829.55 4550.964554
830.52 4550.922476
831.49 4550.880445
832.46 4550.838460
833.43 4550.796522
834.46 4550.754629
835.47 4550.712783
836.47 4550.670982
837.47 4550.629226
838.46 4550.587516
839.45 4550.545852
840.45 4550.504232
841.44 4550.462657
842.44 4550.421127
843.43 4550.379642
844.42 4550.338201
845.42 4550.296804
846.42 4550.255452
847.40 4550.214143
848.40 4550.172878
849.40 4550.131657
850.39 4550.090479
851.39 4550.049345
852.38 4550.008253
853.37 4549.967205
854.37 4549.926200
855.34 4549.885237
856.31 4549.844317
857.29 4549.803439
858.26 4549.762603
859.23 4549.721810
860.20 4549.681058
861.17 4549.640348
862.13 4549.599680
863.11 4549.559054
864.08 4549.518468
865.05 4549.477924
866.02 4549.437421
866.99 4549.396959
867.96 4549.356538
868.93 4549.316158
869.90 4549.275818
870.87 4549.235518
871.85 4549.195258
872.82 4549.155039
873.79 4549.114860
874.76 4549.074720
875.74 4549.034620
876.71 4548.994560
877.69 4548.954539
878.67 4548.914557
879.64 4548.874615
880.62 4548.834711
881.60 4548.794846
882.58 4548.755020
883.56 4548.715233
884.53 4548.675484
885.50 4548.635774
886.47 4548.596101
887.44 4548.556467
888.41 4548.516871
889.38 4548.477313
890.35 4548.437792
891.32 4548.398309
892.29 4548.358863
893.26 4548.319455
894.23 4548.280084
895.20 4548.240750
896.17 4548.201453
897.14 4548.162193
898.11 4548.122970
899.08 4548.083783
900.05 4548.044632
901.02 4548.005518
901.99 4547.966441
902.96 4547.927399
903.93 4547.888394
904.89 4547.849424
905.86 4547.810490
906.83 4547.771592
907.80 4547.732729
908.78 4547.693902
909.74 4547.655110
910.71 4547.616354
911.68 4547.577632
912.65 4547.538946
913.62 4547.500294
914.59 4547.461677
915.56 4547.423095
916.53 4547.384547
917.50 4547.346034
918.47 4547.307555
919.44 4547.269110
920.41 4547.230699
921.38 4547.192322
922.35 4547.153980
923.32 4547.115671
924.29 4547.077395
925.26 4547.039154
926.23 4547.000945
927.20 4546.962771
928.17 4546.924629
929.14 4546.886520
930.11 4546.848445
931.08 4546.810403
932.05 4546.772393
933.01 4546.734416
933.99 4546.696472
934.96 4546.658561
935.93 4546.620681
936.90 4546.582835
937.86 4546.545020
938.84 4546.507238
939.80 4546.469487
940.77 4546.431769
941.74 4546.394083
942.71 4546.356428
943.68 4546.318805
944.65 4546.281214
945.62 4546.243654
946.59 4546.206125
947.56 4546.168628
948.53 4546.131162
949.50 4546.093727
950.47 4546.056323
951.44 4546.018950
952.41 4545.981608
953.38 4545.944297
954.35 4545.907016
955.33 4545.869766
956.30 4545.832547
957.27 4545.795357
958.24 4545.758198
959.21 4545.721070
960.18 4545.683971
961.15 4545.646903
962.12 4545.609864
963.09 4545.572855
964.06 4545.535876
965.03 4545.498927
966.00 4545.462008
966.97 4545.425118
967.94 4545.388257
968.91 4545.351426
969.88 4545.314624
970.86 4545.277851
971.83 4545.241107
972.81 4545.204392
