0.00 5395.766070
11.17 4118.348347
22.14 4042.000356
33.03 4016.151161
43.98 3996.807742
55.06 3989.342549
66.02 3983.103296
77.04 3977.860983
88.01 3973.435000
98.97 3969.684068
109.90 3966.500721
120.86 3963.798136
131.83 3961.504279
142.91 3959.556355
153.89 3957.898131
164.81 3956.480729
175.79 3955.265085
186.74 3954.221194
197.70 3953.323440
208.66 3952.552299
219.61 3951.892225
230.57 3951.330816
241.52 3950.858491
252.47 3950.468466
263.44 3950.156949
274.40 3949.923048
285.37 3949.766772
296.30 3949.687634
307.29 3949.641111
318.28 3949.616399
329.25 3949.599575
340.20 3949.595190
351.14 3949.594625
