0.00 5395.766070
8.33 4341.672722
17.38 4142.264679
25.46 4120.115629
33.67 4116.163001
41.70 4114.396657
49.59 4113.465719
58.17 4112.954621
66.22 4112.657305
74.43 4112.475928
83.11 4112.361109
91.44 4112.286157
99.75 4112.235889
107.98 4112.201338
116.59 4112.177046
124.84 4112.159607
133.35 4112.146851
142.21 4112.137365
150.79 4112.130209
159.36 4112.124746
167.72 4112.120532
176.08 4112.117258
184.47 4112.114696
192.84 4112.112682
201.10 4112.111094
209.44 4112.109837
217.82 4112.108840
226.19 4112.108049
234.52 4112.107420
242.92 4112.106920
251.33 4112.106522
259.72 4112.106205
268.00 4112.105952
276.37 4112.105751
