0.00 9655.464593
0.08 9552.018327
0.16 9480.520231
0.23 9429.145578
0.31 9390.798644
0.39 9361.107370
0.46 9337.310006
0.54 9317.621432
0.62 9300.863323
0.70 9286.242923
0.77 9273.217540
0.85 9261.409683
0.93 9250.552820
1.01 9240.456053
1.08 9230.980727
1.16 9222.024721
1.24 9213.511739
1.32 9205.383936
1.39 9197.596784
1.47 9190.115459
1.55 9182.912274
1.63 9175.964850
1.70 9169.254785
1.78 9162.766696
1.86 9156.487512
1.93 9150.405954
2.01 9144.512145
2.09 9138.797321
2.17 9133.253612
2.24 9127.873873
2.32 9122.651558
2.40 9117.580619
2.47 9112.655429
2.55 9107.870720
2.63 9103.221538
2.71 9098.703198
2.78 9094.311259
2.86 9090.041496
2.94 9085.889877
3.02 9081.852549
3.09 9077.925819
3.17 9074.106147
3.25 9070.390131
3.32 9066.774498
3.40 9063.256098
3.48 9059.831897
3.56 9056.498969
3.63 9053.254490
3.71 9050.095735
3.79 9047.020074
3.86 9044.024964
3.94 9041.107948
4.02 9038.266651
4.10 9035.498777
4.17 9032.802106
4.25 9030.174488
4.33 9027.613845
4.41 9025.118166
4.48 9022.685503
4.56 9020.313973
4.64 9018.001751
4.72 9015.747071
4.79 9013.548222
4.87 9011.403550
4.95 9009.311449
5.02 9007.270367
5.10 9005.278800
5.18 9003.335289
5.26 9001.438424
5.33 8999.586835
5.42 8997.779199
5.52 8996.014232
5.59 8994.290688
5.67 8992.607363
5.75 8990.963088
5.82 8989.356731
5.90 8987.787195
5.98 8986.253416
6.06 8984.754363
6.13 8983.289037
6.21 8981.856470
6.29 8980.455721
6.37 8979.085882
6.45 8977.746069
6.52 8976.435427
6.60 8975.153126
6.68 8973.898361
6.76 8972.670353
6.84 8971.468345
6.91 8970.291604
6.99 8969.139417
7.07 8968.011096
7.16 8966.905971
7.26 8965.823393
7.37 8964.762732
7.46 8963.723378
7.54 8962.704738
7.61 8961.706239
7.69 8960.727321
7.77 8959.767446
7.85 8958.826087
7.93 8957.902736
8.00 8956.996899
8.08 8956.108096
8.16 8955.235864
8.24 8954.379749
8.32 8953.539315
8.39 8952.714137
8.47 8951.903801
8.55 8951.107908
8.63 8950.326070
8.70 8949.557908
8.78 8948.803058
8.86 8948.061163
8.94 8947.331879
9.02 8946.614871
9.09 8945.909815
9.17 8945.216394
9.25 8944.534302
9.33 8943.863241
9.40 8943.202924
9.48 8942.553069
9.56 8941.913404
9.63 8941.283665
9.71 8940.663595
9.79 8940.052945
9.87 8939.451472
9.95 8938.858942
10.02 8938.275125
10.10 8937.699800
10.18 8937.132752
10.26 8936.573770
10.34 8936.022653
10.42 8935.479201
10.49 8934.943224
10.57 8934.414535
10.65 8933.892952
10.73 8933.378300
10.81 8932.870408
10.89 8932.369109
10.96 8931.874242
11.04 8931.385650
11.12 8930.903181
11.20 8930.426687
11.28 8929.956023
11.35 8929.491049
11.43 8929.031630
11.51 8928.577633
11.59 8928.128929
11.67 8927.685395
11.74 8927.246907
11.82 8926.813349
11.90 8926.384605
11.98 8925.960564
12.06 8925.541116
12.14 8925.126158
12.21 8924.715586
12.29 8924.309300
12.37 8923.907203
12.45 8923.509201
12.53 8923.115202
12.60 8922.725117
12.68 8922.338859
12.76 8921.956343
12.84 8921.577488
12.91 8921.202213
12.99 8920.830441
13.07 8920.462096
13.15 8920.097105
13.23 8919.735395
13.30 8919.376898
13.38 8919.021545
13.46 8918.669270
13.53 8918.320010
13.61 8917.973701
13.69 8917.630283
13.77 8917.289697
13.84 8916.951885
13.92 8916.616791
14.00 8916.284360
14.08 8915.954539
14.15 8915.627277
14.23 8915.302522
14.31 8914.980226
14.39 8914.660342
14.47 8914.342821
14.54 8914.027620
14.62 8913.714694
14.70 8913.404000
14.78 8913.095496
14.86 8912.789142
14.93 8912.484896
15.01 8912.182722
15.09 8911.882580
15.17 8911.584435
15.24 8911.288250
15.32 8910.993991
15.40 8910.701622
15.48 8910.411112
15.56 8910.122428
15.64 8909.835538
15.72 8909.550412
15.80 8909.267019
15.88 8908.985331
15.96 8908.705318
16.03 8908.426953
16.11 8908.150210
16.19 8907.875060
16.27 8907.601480
16.35 8907.329442
16.42 8907.058924
16.50 8906.789901
16.58 8906.522349
16.66 8906.256247
16.74 8905.991570
16.81 8905.728299
16.89 8905.466411
16.97 8905.205887
17.05 8904.946705
17.13 8904.688845
17.20 8904.432290
17.28 8904.177020
17.36 8903.923016
17.44 8903.670260
17.52 8903.418736
17.59 8903.168426
17.67 8902.919313
17.75 8902.671380
17.83 8902.424613
17.91 8902.178995
17.98 8901.934510
18.06 8901.691145
18.14 8901.448885
18.22 8901.207714
18.29 8900.967620
18.37 8900.728588
18.45 8900.490606
18.53 8900.253660
18.61 8900.017738
18.68 8899.782827
18.76 8899.548914
18.84 8899.315988
18.92 8899.084038
18.99 8898.853051
19.07 8898.623017
19.16 8898.393924
19.24 8898.165762
19.33 8897.938520
19.41 8897.712189
19.50 8897.486757
19.58 8897.262215
19.66 8897.038554
19.74 8896.815763
19.82 8896.593834
19.90 8896.372758
19.98 8896.152525
20.06 8895.933127
20.14 8895.714555
20.22 8895.496800
20.30 8895.279856
20.38 8895.063712
20.46 8894.848362
20.54 8894.633798
20.62 8894.420012
20.69 8894.206997
20.77 8893.994744
20.85 8893.783248
20.93 8893.572501
21.01 8893.362495
21.09 8893.153225
21.16 8892.944683
21.24 8892.736863
21.32 8892.529758
21.40 8892.323362
21.47 8892.117669
21.55 8891.912673
21.63 8891.708367
21.71 8891.504746
21.79 8891.301803
21.86 8891.099534
21.94 8890.897932
22.02 8890.696992
22.10 8890.496708
22.17 8890.297076
22.25 8890.098089
22.33 8889.899743
22.41 8889.702032
22.48 8889.504952
22.56 8889.308498
22.64 8889.112664
22.72 8888.917446
22.80 8888.722839
22.87 8888.528839
22.95 8888.335441
23.03 8888.142640
23.11 8887.950432
23.18 8887.758813
23.26 8887.567778
23.34 8887.377323
23.42 8887.187444
23.49 8886.998137
23.57 8886.809397
23.65 8886.621221
23.73 8886.433605
23.80 8886.246544
23.88 8886.060036
23.96 8885.874075
24.04 8885.688659
24.11 8885.503784
24.19 8885.319445
24.27 8885.135640
24.35 8884.952365
24.43 8884.769617
24.51 8884.587391
24.59 8884.405685
24.67 8884.224494
24.75 8884.043817
24.84 8883.863649
24.92 8883.683987
25.00 8883.504829
25.08 8883.326170
25.17 8883.148008
25.25 8882.970339
25.33 8882.793161
25.41 8882.616471
25.49 8882.440265
25.58 8882.264540
25.66 8882.089294
25.74 8881.914524
25.82 8881.740227
25.90 8881.566399
25.98 8881.393039
26.06 8881.220144
26.15 8881.047710
26.23 8880.875735
26.32 8880.704216
26.40 8880.533152
26.48 8880.362538
26.56 8880.192372
26.64 8880.022653
26.72 8879.853377
26.80 8879.684541
26.88 8879.516144
26.96 8879.348183
27.05 8879.180655
27.13 8879.013558
27.21 8878.846889
27.29 8878.680647
27.37 8878.514829
27.45 8878.349432
27.53 8878.184454
27.61 8878.019893
27.69 8877.855747
27.77 8877.692013
27.85 8877.528690
27.93 8877.365774
28.00 8877.203264
28.08 8877.041158
28.16 8876.879453
28.24 8876.718147
28.32 8876.557239
28.40 8876.396725
28.48 8876.236605
28.55 8876.076875
28.65 8875.917535
28.74 8875.758581
28.82 8875.600013
28.90 8875.441827
28.98 8875.284022
29.05 8875.126597
29.13 8874.969548
29.21 8874.812874
29.29 8874.656574
29.37 8874.500644
29.45 8874.345085
29.52 8874.189892
29.60 8874.035066
29.68 8873.880603
29.76 8873.726503
29.83 8873.572762
29.91 8873.419380
29.99 8873.266355
30.07 8873.113684
30.15 8872.961367
30.23 8872.809401
30.30 8872.657785
30.39 8872.506517
30.50 8872.355595
30.60 8872.205017
30.68 8872.054782
30.76 8871.904889
30.84 8871.755335
30.92 8871.606119
31.00 8871.457239
31.08 8871.308694
31.16 8871.160482
31.24 8871.012601
31.32 8870.865050
31.40 8870.717828
31.47 8870.570932
31.55 8870.424361
31.63 8870.278114
31.71 8870.132189
31.79 8869.986585
31.87 8869.841299
31.95 8869.696331
32.03 8869.551679
32.11 8869.407342
32.19 8869.263318
32.27 8869.119605
32.35 8868.976203
32.43 8868.833109
32.51 8868.690323
32.59 8868.547842
32.66 8868.405666
32.74 8868.263793
32.82 8868.122221
32.90 8867.980950
32.98 8867.839978
33.06 8867.699303
33.14 8867.558924
33.22 8867.418840
33.30 8867.279050
33.38 8867.139551
33.46 8867.000343
33.54 8866.861425
33.62 8866.722795
33.69 8866.584452
33.77 8866.446394
33.85 8866.308620
33.93 8866.171130
34.01 8866.033921
34.09 8865.896992
34.16 8865.760343
34.24 8865.623971
34.32 8865.487876
34.40 8865.352057
34.48 8865.216512
34.55 8865.081240
34.63 8864.946239
34.71 8864.811509
34.79 8864.677048
34.86 8864.542856
34.94 8864.408930
35.02 8864.275271
35.10 8864.141876
35.17 8864.008744
35.25 8863.875875
35.33 8863.743266
35.41 8863.610918
35.49 8863.478829
35.56 8863.346997
35.64 8863.215422
35.72 8863.084103
35.80 8862.953038
35.87 8862.822226
35.95 8862.691666
36.03 8862.561357
36.11 8862.431299
36.18 8862.301489
36.26 8862.171927
36.34 8862.042612
36.41 8861.913542
36.49 8861.784717
36.57 8861.656136
36.65 8861.527797
36.72 8861.399700
36.80 8861.271843
36.88 8861.144226
36.96 8861.016847
37.03 8860.889705
37.11 8860.762800
37.19 8860.636131
37.26 8860.509695
37.34 8860.383493
37.42 8860.257524
37.50 8860.131786
37.57 8860.006278
37.65 8859.881000
37.73 8859.755950
37.81 8859.631128
37.88 8859.506532
37.96 8859.382162
38.04 8859.258017
38.12 8859.134095
38.20 8859.010397
38.27 8858.886920
38.35 8858.763664
38.43 8858.640628
38.51 8858.517811
38.58 8858.395213
38.66 8858.272832
38.74 8858.150667
38.82 8858.028717
38.89 8857.906983
38.97 8857.785462
39.05 8857.664154
39.12 8857.543057
39.20 8857.422172
39.28 8857.301497
39.36 8857.181032
39.43 8857.060775
39.51 8856.940725
39.59 8856.820883
39.66 8856.701246
39.74 8856.581815
39.82 8856.462587
39.90 8856.343563
39.97 8856.224742
40.05 8856.106123
40.13 8855.987704
40.20 8855.869486
40.28 8855.751467
40.36 8855.633647
40.44 8855.516024
40.51 8855.398598
40.59 8855.281369
40.67 8855.164334
40.74 8855.047495
40.82 8854.930849
40.90 8854.814396
40.98 8854.698135
41.05 8854.582066
41.13 8854.466187
41.21 8854.350499
41.29 8854.235000
41.36 8854.119689
41.44 8854.004565
41.52 8853.889629
41.60 8853.774879
41.67 8853.660314
41.75 8853.545934
41.83 8853.431739
41.91 8853.317726
41.98 8853.203896
42.06 8853.090247
42.14 8852.976780
42.22 8852.863493
42.30 8852.750386
42.37 8852.637458
42.45 8852.524708
42.53 8852.412136
42.61 8852.299741
42.68 8852.187522
42.76 8852.075478
42.84 8851.963609
42.92 8851.851914
42.99 8851.740393
43.07 8851.629045
43.15 8851.517869
43.22 8851.406864
43.30 8851.296030
43.38 8851.185366
43.46 8851.074872
43.53 8850.964546
43.61 8850.854389
43.69 8850.744399
43.77 8850.634576
43.84 8850.524919
43.92 8850.415428
44.00 8850.306102
44.08 8850.196941
44.15 8850.087943
44.23 8849.979108
44.31 8849.870435
44.39 8849.761925
44.47 8849.653576
44.54 8849.545387
44.62 8849.437359
44.70 8849.329489
44.78 8849.221779
44.85 8849.114227
44.93 8849.006832
45.01 8848.899595
45.09 8848.792514
45.17 8848.685589
45.24 8848.578819
45.32 8848.472204
45.40 8848.365743
45.48 8848.259435
45.56 8848.153281
45.63 8848.047279
45.71 8847.941428
45.79 8847.835729
45.87 8847.730181
45.94 8847.624783
46.02 8847.519534
46.10 8847.414434
46.17 8847.309483
46.25 8847.204680
46.33 8847.100024
46.41 8846.995515
46.48 8846.891153
46.56 8846.786936
46.64 8846.682864
46.71 8846.578937
46.79 8846.475154
46.87 8846.371515
46.95 8846.268019
47.02 8846.164666
47.10 8846.061454
47.18 8845.958385
47.25 8845.855456
47.33 8845.752668
47.41 8845.650019
47.49 8845.547511
47.56 8845.445141
47.64 8845.342910
47.72 8845.240817
47.79 8845.138861
47.87 8845.037043
47.95 8844.935361
48.03 8844.833815
48.10 8844.732404
48.18 8844.631129
48.26 8844.529988
48.33 8844.428981
48.41 8844.328108
48.49 8844.227368
48.57 8844.126761
48.64 8844.026286
48.72 8843.925942
48.80 8843.825730
48.87 8843.725649
48.95 8843.625698
49.03 8843.525877
49.11 8843.426185
49.18 8843.326623
49.26 8843.227189
49.34 8843.127883
49.41 8843.028704
49.49 8842.929653
49.57 8842.830728
49.64 8842.731930
49.72 8842.633257
49.80 8842.534710
49.88 8842.436288
49.95 8842.337991
50.03 8842.239817
50.11 8842.141768
50.18 8842.043841
50.26 8841.946037
50.34 8841.848356
50.42 8841.750797
50.49 8841.653359
50.57 8841.556042
50.65 8841.458846
50.73 8841.361770
50.80 8841.264815
50.88 8841.167978
50.96 8841.071261
51.03 8840.974662
51.11 8840.878182
51.19 8840.781820
51.27 8840.685575
51.34 8840.589447
51.42 8840.493435
51.50 8840.397540
51.58 8840.301761
51.65 8840.206097
51.73 8840.110549
51.81 8840.015115
51.88 8839.919795
51.96 8839.824590
52.04 8839.729497
52.12 8839.634518
52.19 8839.539652
52.27 8839.444899
52.35 8839.350257
52.42 8839.255727
52.50 8839.161308
52.58 8839.067000
52.66 8838.972803
52.73 8838.878716
52.81 8838.784739
52.89 8838.690871
52.96 8838.597112
53.04 8838.503462
53.12 8838.409921
53.20 8838.316487
53.27 8838.223161
53.35 8838.129942
53.43 8838.036831
53.50 8837.943826
53.58 8837.850927
53.66 8837.758134
53.73 8837.665447
53.81 8837.572865
53.89 8837.480388
53.97 8837.388015
54.04 8837.295747
54.12 8837.203582
54.20 8837.111521
54.27 8837.019564
54.35 8836.927709
54.43 8836.835956
54.51 8836.744306
54.58 8836.652758
54.66 8836.561311
54.74 8836.469966
54.81 8836.378721
54.89 8836.287577
54.97 8836.196533
55.04 8836.105590
55.12 8836.014745
55.20 8835.924001
55.28 8835.833355
55.35 8835.742807
55.43 8835.652359
55.51 8835.562008
55.58 8835.471755
55.66 8835.381599
55.74 8835.291541
55.82 8835.201579
55.89 8835.111714
55.97 8835.021945
56.05 8834.932272
56.13 8834.842695
56.20 8834.753213
56.28 8834.663826
56.36 8834.574533
56.44 8834.485336
56.51 8834.396232
56.59 8834.307222
56.67 8834.218306
56.75 8834.129483
56.83 8834.040753
56.90 8833.952115
56.98 8833.863571
57.06 8833.775118
57.14 8833.686757
57.21 8833.598487
57.29 8833.510309
57.37 8833.422222
57.45 8833.334226
57.52 8833.246320
57.60 8833.158504
57.68 8833.070778
57.76 8832.983142
57.83 8832.895595
57.91 8832.808138
57.99 8832.720769
58.07 8832.633488
58.14 8832.546296
58.22 8832.459192
58.30 8832.372176
58.38 8832.285247
58.45 8832.198405
58.53 8832.111651
58.61 8832.024983
58.69 8831.938401
58.76 8831.851906
58.84 8831.765496
58.92 8831.679173
58.99 8831.592934
59.07 8831.506781
59.15 8831.420713
59.23 8831.334730
59.30 8831.248830
59.38 8831.163016
59.46 8831.077284
59.53 8830.991637
59.61 8830.906073
59.69 8830.820593
59.77 8830.735195
59.84 8830.649880
59.92 8830.564647
60.00 8830.479497
60.07 8830.394428
60.15 8830.309442
60.23 8830.224536
60.31 8830.139713
60.38 8830.054970
60.46 8829.970308
60.54 8829.885726
60.61 8829.801225
60.69 8829.716804
60.77 8829.632463
60.85 8829.548201
60.92 8829.464019
61.00 8829.379916
61.08 8829.295892
61.16 8829.211947
61.23 8829.128080
61.31 8829.044292
61.39 8828.960581
61.46 8828.876949
61.54 8828.793394
61.62 8828.709916
61.70 8828.626516
61.77 8828.543193
61.85 8828.459946
61.93 8828.376776
62.00 8828.293683
62.08 8828.210665
62.16 8828.127723
62.23 8828.044857
62.31 8827.962067
62.39 8827.879351
62.47 8827.796711
62.54 8827.714146
62.62 8827.631655
62.70 8827.549239
62.78 8827.466897
62.85 8827.384629
62.93 8827.302435
63.01 8827.220314
63.08 8827.138267
63.16 8827.056293
63.24 8826.974392
63.32 8826.892564
63.39 8826.810808
63.47 8826.729125
63.55 8826.647514
63.62 8826.565975
63.70 8826.484508
63.78 8826.403112
63.86 8826.321788
63.93 8826.240536
64.01 8826.159354
64.09 8826.078243
64.17 8825.997203
64.24 8825.916233
64.32 8825.835334
64.40 8825.754504
64.48 8825.673745
64.55 8825.593055
64.63 8825.512435
64.71 8825.431884
64.79 8825.351402
64.86 8825.270990
64.94 8825.190646
65.02 8825.110370
65.09 8825.030164
65.17 8824.950025
65.25 8824.869955
65.33 8824.789952
65.40 8824.710017
65.48 8824.630150
65.56 8824.550350
65.64 8824.470617
65.72 8824.390951
65.79 8824.311352
65.87 8824.231820
65.95 8824.152354
66.03 8824.072954
66.11 8823.993621
66.18 8823.914353
66.26 8823.835152
66.34 8823.756016
66.42 8823.676945
66.49 8823.597940
66.57 8823.519000
66.65 8823.440125
66.73 8823.361314
66.80 8823.282569
66.88 8823.203887
66.96 8823.125270
67.04 8823.046717
67.11 8822.968228
67.19 8822.889803
67.27 8822.811442
67.34 8822.733144
67.42 8822.654909
67.50 8822.576737
67.58 8822.498629
67.65 8822.420583
67.73 8822.342600
67.81 8822.264680
67.89 8822.186821
67.96 8822.109026
68.04 8822.031292
68.12 8821.953620
68.20 8821.876009
68.27 8821.798461
68.35 8821.720973
68.43 8821.643548
68.51 8821.566183
68.59 8821.488879
68.67 8821.411636
68.75 8821.334454
68.83 8821.257332
68.91 8821.180270
68.98 8821.103269
69.06 8821.026328
69.14 8820.949447
69.22 8820.872625
69.30 8820.795864
69.38 8820.719161
69.46 8820.642518
69.54 8820.565935
69.62 8820.489410
69.70 8820.412944
69.78 8820.336537
69.85 8820.260189
69.93 8820.183899
70.01 8820.107668
70.09 8820.031495
70.17 8819.955379
70.24 8819.879322
70.32 8819.803323
70.40 8819.727381
70.48 8819.651497
70.55 8819.575670
70.63 8819.499900
70.71 8819.424188
70.79 8819.348532
70.86 8819.272933
70.94 8819.197391
71.02 8819.121906
71.09 8819.046477
71.17 8818.971104
71.25 8818.895787
71.32 8818.820527
71.40 8818.745322
71.48 8818.670173
71.56 8818.595080
71.63 8818.520042
71.71 8818.445060
71.79 8818.370133
71.86 8818.295261
71.94 8818.220444
72.02 8818.145681
72.10 8818.070974
72.17 8817.996321
72.25 8817.921723
72.33 8817.847179
72.40 8817.772689
72.48 8817.698254
72.56 8817.623872
72.64 8817.549544
72.71 8817.475270
72.79 8817.401050
72.87 8817.326883
72.94 8817.252770
73.02 8817.178709
73.10 8817.104702
73.18 8817.030748
73.25 8816.956847
73.33 8816.882998
73.41 8816.809202
73.48 8816.735459
73.56 8816.661768
73.64 8816.588130
73.72 8816.514543
73.79 8816.441009
73.87 8816.367526
73.95 8816.294096
74.02 8816.220717
74.10 8816.147389
74.18 8816.074114
74.26 8816.000889
74.33 8815.927716
74.41 8815.854594
74.49 8815.781523
74.56 8815.708503
74.64 8815.635533
74.72 8815.562615
74.80 8815.489746
74.87 8815.416929
74.95 8815.344162
75.03 8815.271444
75.10 8815.198778
75.18 8815.126161
75.26 8815.053594
75.34 8814.981076
75.41 8814.908609
75.49 8814.836191
75.57 8814.763823
75.64 8814.691504
75.72 8814.619234
75.80 8814.547013
75.88 8814.474842
75.95 8814.402719
76.03 8814.330645
76.11 8814.258620
76.18 8814.186644
76.26 8814.114716
76.34 8814.042836
76.41 8813.971005
76.49 8813.899222
76.57 8813.827487
76.65 8813.755801
76.72 8813.684162
76.80 8813.612571
76.88 8813.541027
76.95 8813.469531
77.03 8813.398083
77.11 8813.326682
77.19 8813.255329
77.26 8813.184022
77.34 8813.112763
77.42 8813.041551
77.49 8812.970385
77.57 8812.899267
77.65 8812.828195
77.72 8812.757170
77.80 8812.686191
77.88 8812.615259
77.96 8812.544373
78.03 8812.473533
