0.00 9655.464593
0.53 8503.154209
1.06 8340.121523
1.58 8292.665836
2.11 8255.994558
2.62 8222.953805
3.14 8192.540022
3.66 8164.349600
4.18 8138.148525
4.70 8113.788624
5.23 8091.103508
5.75 8069.904057
6.27 8050.045456
6.79 8031.442822
7.31 8014.028950
7.84 7997.776692
8.36 7982.654715
8.88 7968.659173
9.40 7955.871495
9.92 7944.429623
10.44 7934.394192
10.94 7925.710356
11.47 7918.190535
11.99 7911.641431
12.51 7905.931992
13.03 7901.020584
13.56 7896.952252
14.08 7893.887660
14.60 7891.923465
15.13 7890.016290
15.65 7888.447897
16.18 7886.961390
16.70 7885.720122
17.23 7884.576204
17.75 7883.599028
18.27 7882.725322
18.80 7881.966700
19.33 7881.301713
19.85 7880.722642
20.38 7880.218946
20.90 7879.781707
21.42 7879.402794
21.94 7879.074912
