0.00 9655.464593
0.31 9222.706598
0.64 9033.834335
0.97 8939.275846
1.29 8877.172350
1.62 8829.477994
1.95 8790.115512
2.29 8756.183721
2.62 8726.007074
2.94 8698.554257
3.27 8673.171425
3.60 8649.433684
3.93 8627.057422
4.26 8605.847435
4.58 8585.664654
4.90 8566.406257
5.24 8547.993294
5.56 8530.362892
5.90 8513.463285
6.22 8497.250611
6.55 8481.686791
6.87 8466.738114
7.20 8452.374244
7.52 8438.567533
7.84 8425.292533
8.18 8412.525639
8.50 8400.244824
8.83 8388.429444
9.15 8377.060075
9.49 8366.118388
9.82 8355.587045
10.14 8345.449611
10.49 8335.690479
10.81 8326.294805
11.14 8317.248453
11.46 8308.537945
11.78 8300.150413
12.10 8292.073564
12.42 8284.295645
12.74 8276.805403
13.07 8269.592064
13.38 8262.645301
13.71 8255.955214
14.03 8249.512302
14.37 8243.307444
14.69 8237.331884
15.02 8231.577206
15.34 8231.368601
