0.00 6101.251521
0.38 6098.318090
0.75 6095.522642
1.12 6092.855885
1.50 6090.309264
1.87 6087.874894
2.24 6085.545508
2.60 6083.314398
2.97 6081.175372
3.35 6079.122710
3.72 6077.151124
4.13 6075.255724
4.51 6073.431979
4.89 6071.675696
5.26 6069.982986
5.63 6068.350241
6.16 6066.774110
6.55 6065.251484
6.94 6063.779468
7.32 6062.355373
7.71 6060.976688
8.12 6059.641080
8.51 6058.346370
8.89 6057.090524
9.27 6055.871643
9.65 6054.687950
10.02 6053.537786
10.39 6052.419593
10.77 6051.331915
11.15 6050.273384
11.52 6049.242716
11.90 6048.238706
12.28 6047.260219
12.67 6046.306190
13.05 6045.375614
13.44 6044.467543
13.83 6043.581085
14.23 6042.715395
14.61 6041.869678
14.98 6041.043179
15.36 6040.235185
15.74 6039.445022
16.11 6038.672049
16.49 6037.915657
16.87 6037.175272
17.27 6036.450345
17.66 6035.740354
18.05 6035.044805
18.43 6034.363224
18.83 6033.695164
19.24 6033.040193
19.64 6032.397903
20.03 6031.767903
20.42 6031.149820
20.79 6030.543294
21.17 6029.947986
21.55 6029.363567
21.93 6028.789725
22.30 6028.226157
22.69 6027.672575
23.15 6027.128704
23.54 6026.594275
23.92 6026.069035
24.31 6025.552735
24.70 6025.045143
25.09 6024.546027
25.48 6024.055170
25.88 6023.572361
26.26 6023.097395
26.65 6022.630077
27.04 6022.170217
27.42 6021.717631
27.81 6021.272143
28.19 6020.833584
28.58 6020.401787
28.96 6019.976593
29.34 6019.557847
29.72 6019.145401
30.10 6018.739109
30.48 6018.338832
30.85 6017.944434
31.29 6017.555783
31.70 6017.172753
32.10 6016.795219
32.48 6016.423061
32.86 6016.056164
33.24 6015.694413
33.63 6015.337701
34.02 6014.985920
34.39 6014.638966
34.78 6014.296739
35.18 6013.959142
35.56 6013.626079
35.94 6013.297458
36.31 6012.973189
36.69 6012.653186
37.07 6012.337361
37.46 6012.025632
37.84 6011.717922
38.24 6011.414148
38.64 6011.114235
39.03 6010.818110
39.42 6010.525698
39.80 6010.236929
40.18 6009.951735
40.57 6009.670047
40.97 6009.391801
41.37 6009.116933
41.77 6008.845380
42.15 6008.577081
42.54 6008.311976
42.94 6008.050009
43.34 6007.791122
43.73 6007.535260
44.12 6007.282370
44.52 6007.032397
44.90 6006.785292
45.27 6006.541002
45.66 6006.299481
46.04 6006.060680
46.43 6005.824550
46.81 6005.591048
47.19 6005.360127
47.58 6005.131745
47.97 6004.905859
48.35 6004.682426
48.74 6004.461405
49.12 6004.242756
49.50 6004.026441
49.88 6003.812420
50.27 6003.600657
50.65 6003.391115
51.04 6003.183756
51.42 6002.978546
51.81 6002.775453
52.19 6002.574439
52.58 6002.375475
52.97 6002.178526
53.36 6001.983560
53.78 6001.790548
54.16 6001.599458
54.54 6001.410261
54.91 6001.222926
55.29 6001.037428
55.67 6000.853736
56.05 6000.671824
56.43 6000.491663
56.81 6000.313229
57.19 6000.136495
57.57 5999.961436
57.95 5999.788026
58.33 5999.616242
58.71 5999.446060
59.09 5999.277455
59.46 5999.110404
59.85 5998.944887
60.23 5998.780880
60.62 5998.618361
61.01 5998.457307
61.40 5998.297701
61.79 5998.139520
62.17 5997.982745
62.54 5997.827354
62.92 5997.673330
63.31 5997.520652
63.69 5997.369302
64.06 5997.219262
64.45 5997.070513
64.84 5996.923038
65.21 5996.776819
65.59 5996.631839
65.96 5996.488082
66.34 5996.345530
66.72 5996.204167
67.11 5996.063978
67.50 5995.924946
67.88 5995.787056
68.26 5995.650293
68.63 5995.514642
69.01 5995.380089
69.39 5995.246618
69.77 5995.114217
70.15 5994.982870
70.53 5994.852563
70.91 5994.723286
71.28 5994.595021
71.66 5994.467758
72.04 5994.341483
72.43 5994.216184
72.81 5994.091848
73.19 5993.968463
73.58 5993.846017
73.97 5993.724498
74.35 5993.603894
74.72 5993.484194
75.11 5993.365386
75.49 5993.247460
75.87 5993.130404
76.25 5993.014208
76.63 5992.898860
77.01 5992.784352
77.40 5992.670671
77.77 5992.557808
78.15 5992.445754
78.53 5992.334497
78.91 5992.224028
79.36 5992.114339
79.74 5992.005418
80.13 5991.897258
80.52 5991.789849
80.90 5991.683181
81.28 5991.577247
81.67 5991.472038
82.05 5991.367544
82.44 5991.263757
82.82 5991.160670
83.21 5991.058273
83.60 5990.956560
83.98 5990.855521
84.36 5990.755150
84.75 5990.655438
85.13 5990.556379
85.52 5990.457963
85.91 5990.360186
86.30 5990.263039
86.68 5990.166515
87.07 5990.070608
87.45 5989.975311
87.84 5989.880617
88.23 5989.786519
88.61 5989.693012
88.99 5989.600089
89.38 5989.507744
89.76 5989.415970
90.15 5989.324762
90.53 5989.234114
90.92 5989.144020
91.29 5989.054474
91.67 5988.965471
92.05 5988.877006
92.44 5988.789072
92.82 5988.701664
93.19 5988.614778
93.58 5988.528406
93.96 5988.442546
94.35 5988.357192
94.73 5988.272338
95.11 5988.187980
95.50 5988.104112
95.88 5988.020730
96.26 5987.937829
96.64 5987.855404
97.02 5987.773451
97.40 5987.691964
97.78 5987.610940
98.17 5987.530375
98.57 5987.450262
98.95 5987.370599
99.33 5987.291381
99.70 5987.212602
100.09 5987.134260
100.47 5987.056350
100.85 5986.978867
101.24 5986.901809
101.62 5986.825170
102.00 5986.748946
102.38 5986.673134
102.76 5986.597730
103.14 5986.522729
103.52 5986.448128
103.90 5986.373924
104.28 5986.300111
104.65 5986.226688
105.03 5986.153651
105.41 5986.080992
105.79 5986.008714
106.17 5985.936809
106.54 5985.865275
106.92 5985.794109
107.29 5985.723306
107.67 5985.652864
108.05 5985.582778
108.42 5985.513047
108.80 5985.443666
109.18 5985.374633
109.55 5985.305944
109.93 5985.237596
110.32 5985.169586
110.70 5985.101911
111.08 5985.034567
111.47 5984.967553
111.86 5984.900864
112.24 5984.834498
112.63 5984.768452
113.01 5984.702723
113.39 5984.637309
113.77 5984.572205
114.15 5984.507410
114.54 5984.442921
114.92 5984.378736
115.30 5984.314850
115.68 5984.251263
116.07 5984.187971
116.45 5984.124971
116.84 5984.062260
117.22 5983.999839
117.60 5983.937702
117.98 5983.875847
118.37 5983.814272
118.75 5983.752975
119.14 5983.691952
119.52 5983.631202
119.89 5983.570723
120.27 5983.510512
120.65 5983.450568
121.03 5983.390886
121.42 5983.331466
121.80 5983.272304
122.20 5983.213400
122.57 5983.154750
122.95 5983.096352
123.33 5983.038206
123.70 5982.980307
124.08 5982.922655
124.45 5982.865247
124.83 5982.808080
125.20 5982.751154
125.57 5982.694466
125.95 5982.638013
126.33 5982.581795
126.71 5982.525810
127.09 5982.470055
127.46 5982.414528
127.84 5982.359227
128.22 5982.304151
128.59 5982.249298
128.98 5982.194666
129.36 5982.140253
129.74 5982.086058
130.11 5982.032078
130.48 5981.978312
130.86 5981.924759
131.23 5981.871416
131.61 5981.818282
131.98 5981.765355
132.36 5981.712633
132.74 5981.660115
133.11 5981.607800
133.48 5981.555685
133.86 5981.503769
134.24 5981.452051
134.61 5981.400529
134.99 5981.349202
135.37 5981.298066
135.74 5981.247123
136.11 5981.196370
136.48 5981.145804
136.86 5981.095426
137.23 5981.045233
137.61 5980.995224
137.99 5980.945399
138.37 5980.895753
138.74 5980.846289
139.12 5980.797003
139.49 5980.747893
139.87 5980.698960
140.25 5980.650201
140.63 5980.601615
141.01 5980.553200
141.40 5980.504957
141.78 5980.456883
142.17 5980.408977
142.55 5980.361237
142.94 5980.313663
143.32 5980.266254
143.70 5980.219007
144.08 5980.171922
144.46 5980.124998
144.84 5980.078232
145.22 5980.031625
145.61 5979.985176
145.99 5979.938882
146.37 5979.892743
146.75 5979.846758
147.12 5979.800926
147.50 5979.755244
147.87 5979.709713
148.25 5979.664332
148.63 5979.619098
149.00 5979.574012
149.38 5979.529072
149.75 5979.484277
150.12 5979.439625
150.50 5979.395116
150.88 5979.350750
151.25 5979.306524
151.62 5979.262439
151.99 5979.218492
152.37 5979.174684
152.74 5979.131012
153.12 5979.087476
153.50 5979.044075
153.87 5979.000808
154.25 5978.957675
154.63 5978.914674
155.01 5978.871804
155.38 5978.829064
155.76 5978.786454
156.14 5978.743973
156.52 5978.701620
156.89 5978.659393
157.28 5978.617293
157.66 5978.575318
158.03 5978.533466
158.41 5978.491739
158.79 5978.450134
159.17 5978.408651
159.54 5978.367288
159.91 5978.326045
160.30 5978.284922
160.67 5978.243918
161.04 5978.203031
161.42 5978.162262
161.80 5978.121608
162.17 5978.081070
162.54 5978.040647
162.92 5978.000337
163.30 5977.960140
163.67 5977.920056
164.05 5977.880084
164.43 5977.840221
164.81 5977.800471
165.18 5977.760828
165.56 5977.721295
165.94 5977.681870
166.32 5977.642551
166.70 5977.603341
167.08 5977.564235
167.45 5977.525236
167.83 5977.486340
168.20 5977.447548
168.58 5977.408860
168.95 5977.370274
169.33 5977.331790
169.71 5977.293408
170.09 5977.255126
170.46 5977.216945
170.85 5977.178862
171.23 5977.140879
171.61 5977.102993
171.98 5977.065204
172.36 5977.027514
172.73 5976.989919
173.11 5976.952420
173.49 5976.915016
173.87 5976.877707
174.24 5976.840491
174.62 5976.803368
175.00 5976.766339
175.38 5976.729402
175.76 5976.692556
176.14 5976.655802
176.53 5976.619139
176.92 5976.582565
177.29 5976.546080
177.67 5976.509684
178.04 5976.473377
178.42 5976.437157
178.79 5976.401025
179.17 5976.364980
179.54 5976.329020
179.93 5976.293147
180.30 5976.257358
180.68 5976.221655
181.06 5976.186036
181.43 5976.150500
181.82 5976.115048
182.22 5976.079678
182.61 5976.044391
183.00 5976.009185
183.40 5975.974060
183.79 5975.939016
184.17 5975.904053
184.55 5975.869169
184.94 5975.834365
185.33 5975.799640
185.72 5975.764994
186.10 5975.730424
186.49 5975.695933
186.87 5975.661519
187.26 5975.627182
187.64 5975.592921
188.03 5975.558735
188.41 5975.524625
188.80 5975.490590
189.19 5975.456629
189.57 5975.422743
189.95 5975.388931
190.33 5975.355190
190.71 5975.321524
191.10 5975.287930
191.48 5975.254408
191.86 5975.220957
192.25 5975.187579
192.63 5975.154270
193.02 5975.121032
193.40 5975.087863
193.78 5975.054765
194.18 5975.021737
194.56 5974.988776
194.94 5974.955884
195.33 5974.923062
195.72 5974.890306
196.11 5974.857618
196.50 5974.824997
196.88 5974.792443
197.26 5974.759954
197.64 5974.727532
198.01 5974.695176
198.39 5974.662885
198.77 5974.630658
199.14 5974.598496
199.51 5974.566399
199.88 5974.534365
200.25 5974.502395
200.63 5974.470488
201.00 5974.438644
201.38 5974.406863
201.76 5974.375143
202.14 5974.343486
202.53 5974.311890
202.92 5974.280355
203.30 5974.248881
203.68 5974.217469
204.07 5974.186116
204.44 5974.154823
204.82 5974.123590
205.20 5974.092416
205.57 5974.061301
205.94 5974.030246
206.32 5973.999248
206.69 5973.968309
207.07 5973.937427
207.45 5973.906603
207.82 5973.875836
208.20 5973.845127
208.57 5973.814474
208.97 5973.783877
209.35 5973.753336
209.72 5973.722852
210.11 5973.692423
210.50 5973.662049
210.87 5973.631730
211.26 5973.601466
211.64 5973.571256
212.02 5973.541101
212.40 5973.510999
212.77 5973.480951
213.16 5973.450957
213.54 5973.421016
213.92 5973.391128
214.30 5973.361292
214.68 5973.331509
215.06 5973.301776
215.44 5973.272097
215.82 5973.242470
216.20 5973.212893
216.59 5973.183368
216.97 5973.153894
217.36 5973.124470
217.75 5973.095096
218.13 5973.065773
218.50 5973.036499
218.89 5973.007276
219.27 5972.978101
219.65 5972.948975
220.03 5972.919899
220.41 5972.890872
220.78 5972.861893
221.16 5972.832963
221.54 5972.804080
221.92 5972.775245
222.30 5972.746458
222.68 5972.717718
223.06 5972.689025
223.44 5972.660380
223.82 5972.631780
224.20 5972.603228
224.59 5972.574723
224.97 5972.546262
225.36 5972.517848
225.74 5972.489480
226.12 5972.461156
226.51 5972.432880
226.89 5972.404646
227.27 5972.376459
227.65 5972.348315
228.04 5972.320217
228.42 5972.292162
228.80 5972.264152
229.19 5972.236186
229.58 5972.208263
229.96 5972.180383
230.33 5972.152547
230.72 5972.124754
231.10 5972.097004
231.47 5972.069296
231.85 5972.041631
232.22 5972.014009
232.60 5971.986429
232.97 5971.958890
233.35 5971.931394
233.72 5971.903939
234.10 5971.876525
234.50 5971.849153
234.90 5971.821821
235.29 5971.794531
235.72 5971.767281
236.11 5971.740072
236.48 5971.712903
236.90 5971.685776
237.27 5971.658687
237.64 5971.631638
238.02 5971.604629
238.39 5971.577660
238.76 5971.550730
239.13 5971.523839
239.50 5971.496988
239.88 5971.470174
240.25 5971.443400
240.62 5971.416665
241.00 5971.389967
241.37 5971.363309
241.74 5971.336687
242.11 5971.310104
242.49 5971.283559
242.86 5971.257051
243.23 5971.230581
243.61 5971.204148
243.98 5971.177752
244.35 5971.151392
244.73 5971.125071
245.10 5971.098786
245.48 5971.072537
245.85 5971.046325
246.23 5971.020149
246.60 5970.994009
246.98 5970.967905
247.35 5970.941837
247.72 5970.915804
248.10 5970.889808
248.48 5970.863846
248.85 5970.837920
249.23 5970.812029
249.60 5970.786173
249.98 5970.760352
250.35 5970.734565
250.73 5970.708813
251.11 5970.683096
251.48 5970.657412
251.86 5970.631763
252.25 5970.606148
252.63 5970.580567
253.01 5970.555020
253.39 5970.529506
253.77 5970.504026
254.14 5970.478579
254.52 5970.453166
254.89 5970.427786
255.26 5970.402438
255.64 5970.377124
256.01 5970.351843
256.38 5970.326594
256.75 5970.301377
257.13 5970.276193
257.50 5970.251042
257.88 5970.225922
258.25 5970.200835
258.63 5970.175779
259.00 5970.150755
259.38 5970.125763
259.75 5970.100803
260.12 5970.075874
260.50 5970.050976
260.87 5970.026110
261.25 5970.001274
261.64 5969.976470
262.03 5969.951696
262.41 5969.926954
262.79 5969.902242
263.18 5969.877561
263.56 5969.852910
263.95 5969.828289
264.34 5969.803698
264.72 5969.779138
265.10 5969.754608
265.49 5969.730108
265.86 5969.705637
266.24 5969.681196
266.62 5969.656785
266.99 5969.632403
267.37 5969.608050
267.75 5969.583728
268.13 5969.559434
268.50 5969.535169
268.88 5969.510933
269.25 5969.486727
269.63 5969.462548
270.00 5969.438399
270.38 5969.414278
270.75 5969.390185
271.14 5969.366121
271.52 5969.342086
271.90 5969.318078
272.29 5969.294099
272.67 5969.270147
273.05 5969.246223
273.44 5969.222328
273.83 5969.198460
274.21 5969.174619
274.59 5969.150807
274.97 5969.127021
275.36 5969.103263
275.74 5969.079532
276.13 5969.055828
276.51 5969.032152
276.89 5969.008502
277.27 5968.984880
277.66 5968.961284
278.04 5968.937715
278.42 5968.914172
278.79 5968.890656
279.17 5968.867167
279.56 5968.843704
279.94 5968.820267
280.33 5968.796857
280.72 5968.773472
281.10 5968.750113
281.48 5968.726781
281.86 5968.703474
282.24 5968.680194
282.62 5968.656938
283.00 5968.633710
283.38 5968.610505
283.75 5968.587327
284.13 5968.564174
284.50 5968.541046
284.88 5968.517944
285.26 5968.494867
285.63 5968.471814
286.01 5968.448787
286.38 5968.425784
286.77 5968.402807
287.15 5968.379853
287.54 5968.356926
287.93 5968.334022
288.31 5968.311144
288.69 5968.288289
289.08 5968.265458
289.46 5968.242653
289.87 5968.219871
290.25 5968.197113
290.63 5968.174381
291.01 5968.151671
291.40 5968.128986
291.79 5968.106324
292.18 5968.083687
292.56 5968.061072
292.94 5968.038483
293.32 5968.015915
293.70 5967.993372
294.09 5967.970853
294.47 5967.948356
294.86 5967.925883
295.24 5967.903433
295.61 5967.881006
295.99 5967.858602
296.36 5967.836223
296.74 5967.813864
297.12 5967.791530
297.50 5967.769218
297.89 5967.746929
298.27 5967.724663
298.66 5967.702419
299.04 5967.680198
299.42 5967.657999
299.79 5967.635823
300.16 5967.613668
300.54 5967.591537
300.91 5967.569428
301.30 5967.547341
301.67 5967.525276
302.05 5967.503233
302.42 5967.481212
302.80 5967.459213
303.22 5967.437236
303.60 5967.415280
303.96 5967.393347
304.34 5967.371435
304.71 5967.349545
305.09 5967.327676
305.46 5967.305829
305.84 5967.284004
306.21 5967.262200
306.59 5967.240417
306.96 5967.218655
307.34 5967.196915
307.73 5967.175195
308.10 5967.153497
308.49 5967.131820
308.86 5967.110164
309.24 5967.088529
309.61 5967.066915
310.00 5967.045321
310.38 5967.023749
310.76 5967.002197
311.13 5966.980665
311.51 5966.959155
311.89 5966.937665
312.27 5966.916194
312.65 5966.894745
313.04 5966.873317
313.42 5966.851908
313.81 5966.830520
314.19 5966.809152
314.58 5966.787805
314.96 5966.766476
315.34 5966.745169
315.72 5966.723881
316.11 5966.702614
316.49 5966.681366
316.87 5966.660139
317.25 5966.638930
317.62 5966.617742
318.00 5966.596573
318.38 5966.575425
318.75 5966.554295
319.14 5966.533186
319.51 5966.512095
319.89 5966.491025
320.26 5966.469973
320.64 5966.448941
321.01 5966.427928
321.38 5966.406936
321.76 5966.385961
322.14 5966.365006
322.52 5966.344070
322.89 5966.323154
323.27 5966.302256
323.65 5966.281376
324.02 5966.260517
324.40 5966.239675
324.78 5966.218854
325.16 5966.198051
325.53 5966.177266
325.90 5966.156500
326.28 5966.135753
326.70 5966.115024
327.08 5966.094314
327.46 5966.073622
327.83 5966.052950
328.21 5966.032295
328.58 5966.011658
328.96 5965.991041
329.34 5965.970441
329.71 5965.949860
330.09 5965.929297
330.47 5965.908752
330.85 5965.888225
331.24 5965.867717
331.62 5965.847225
332.01 5965.826753
332.39 5965.806298
332.77 5965.785862
333.15 5965.765443
333.54 5965.745042
333.93 5965.724658
334.30 5965.704293
334.68 5965.683945
335.06 5965.663615
335.45 5965.643303
335.83 5965.623007
336.21 5965.602730
336.59 5965.582470
336.97 5965.562228
337.36 5965.542003
337.74 5965.521795
338.12 5965.501605
338.50 5965.481432
338.87 5965.461276
339.25 5965.441139
339.63 5965.421017
340.01 5965.400913
340.39 5965.380826
340.77 5965.360756
341.15 5965.340703
341.54 5965.320667
341.92 5965.300648
342.30 5965.280647
342.68 5965.260662
343.06 5965.240693
343.43 5965.220742
343.81 5965.200808
344.21 5965.180890
344.58 5965.160989
344.96 5965.141104
345.36 5965.121236
345.76 5965.101385
346.14 5965.081550
346.56 5965.061732
346.94 5965.041931
347.34 5965.022145
347.72 5965.002377
348.09 5964.982624
348.49 5964.962888
348.87 5964.943168
349.24 5964.923465
349.62 5964.903777
349.99 5964.884107
350.37 5964.864452
350.74 5964.844813
351.12 5964.825191
351.50 5964.805584
351.87 5964.785993
352.24 5964.766419
352.62 5964.746861
352.99 5964.727318
353.36 5964.707791
353.74 5964.688281
354.11 5964.668786
354.48 5964.649307
354.86 5964.629843
355.23 5964.610396
355.60 5964.590965
355.99 5964.571548
356.37 5964.552148
356.74 5964.532763
357.12 5964.513393
357.50 5964.494040
357.88 5964.474701
358.26 5964.455379
358.63 5964.436071
359.01 5964.416780
359.40 5964.397502
359.78 5964.378242
360.15 5964.358995
360.53 5964.339765
360.91 5964.320550
361.28 5964.301350
361.66 5964.282166
362.05 5964.262996
362.42 5964.243841
362.80 5964.224703
363.18 5964.205579
363.55 5964.186469
363.93 5964.167375
364.31 5964.148296
364.69 5964.129232
365.06 5964.110183
365.44 5964.091148
365.81 5964.072130
366.18 5964.053125
366.55 5964.034135
366.93 5964.015160
367.30 5963.996200
367.68 5963.977255
368.06 5963.958324
368.43 5963.939408
368.80 5963.920507
369.18 5963.901620
369.57 5963.882748
369.96 5963.863891
370.34 5963.845048
370.72 5963.826219
371.10 5963.807405
371.47 5963.788606
371.85 5963.769822
372.24 5963.751051
372.62 5963.732294
373.01 5963.713553
373.39 5963.694825
373.76 5963.676112
374.14 5963.657414
374.51 5963.638729
374.89 5963.620058
375.27 5963.601402
375.64 5963.582760
376.01 5963.564132
376.39 5963.545519
376.77 5963.526919
377.15 5963.508334
377.53 5963.489763
377.91 5963.471205
378.29 5963.452661
378.68 5963.434131
379.05 5963.415616
379.43 5963.397115
379.81 5963.378627
380.20 5963.360153
380.59 5963.341693
380.98 5963.323246
