0.00 3245.941008
1.16 3223.171388
2.31 3202.623796
3.47 3183.993460
4.63 3167.028496
5.78 3151.519201
6.93 3137.289736
8.09 3124.191615
9.24 3112.098603
10.40 3100.902684
11.55 3090.510868
12.70 3080.842633
13.86 3071.827876
15.01 3063.405257
16.17 3055.520849
17.32 3048.127037
18.47 3041.181604
19.63 3034.646981
20.78 3028.489619
21.94 3022.679459
23.10 3017.189488
24.26 3011.995364
25.41 3007.075089
26.56 3002.408741
27.72 2997.978232
28.88 2993.767102
30.03 2989.760345
31.19 2985.944252
32.34 2982.306277
33.51 2978.834916
34.67 2975.519603
35.83 2972.350620
36.99 2969.319012
38.15 2966.416519
39.30 2963.635507
40.46 2960.968914
41.62 2958.410196
42.77 2955.953283
43.93 2953.592538
45.08 2951.322719
46.24 2949.138945
47.39 2947.036670
48.55 2945.011648
49.71 2943.059917
50.87 2941.177772
52.08 2939.361746
53.24 2937.608589
54.40 2935.915259
55.56 2934.278895
56.73 2932.696816
57.89 2931.166497
59.08 2929.685565
60.30 2928.251785
61.49 2926.863051
62.67 2925.517378
63.88 2924.212892
65.04 2922.947823
66.21 2921.720500
67.38 2920.529340
68.55 2919.372849
69.74 2918.249609
70.90 2917.158280
72.06 2916.097588
73.22 2915.066327
74.38 2914.063351
75.53 2913.087575
76.69 2912.137962
77.85 2911.213532
79.01 2910.313350
80.17 2909.436525
81.33 2908.582210
82.48 2907.749599
83.63 2906.937921
84.79 2906.146441
85.94 2905.374459
87.09 2904.621306
88.25 2903.886342
89.40 2903.168955
90.56 2902.468561
91.71 2901.784600
92.86 2901.116536
94.02 2900.463857
95.17 2899.826071
96.32 2899.202706
97.48 2898.593309
98.63 2897.997448
99.79 2897.414705
100.94 2896.844681
102.09 2896.286991
103.25 2895.741265
104.40 2895.207148
105.55 2894.684299
106.71 2894.172389
107.86 2893.671100
109.01 2893.180128
110.17 2892.699180
111.32 2892.227972
112.47 2891.766231
113.63 2891.313695
114.79 2890.870109
115.94 2890.435228
117.09 2890.008816
118.25 2889.590645
119.40 2889.180495
120.55 2888.778151
121.71 2888.383409
122.86 2887.996069
124.02 2887.615938
125.17 2887.242832
126.34 2886.876569
127.50 2886.516976
128.68 2886.163883
130.01 2885.817128
131.20 2885.476553
132.36 2885.142003
133.53 2884.813331
134.68 2884.490393
135.84 2884.173050
137.00 2883.861166
138.15 2883.554610
139.34 2883.253255
140.50 2882.956978
141.65 2882.665659
142.81 2882.379181
143.99 2882.097433
145.27 2881.820303
146.44 2881.547687
147.61 2881.279481
148.79 2881.015584
149.96 2880.755898
151.13 2880.500330
152.29 2880.248787
153.45 2880.001178
154.60 2879.757418
155.76 2879.517421
156.92 2879.281105
158.09 2879.048390
159.25 2878.819198
160.41 2878.593452
161.56 2878.371079
162.72 2878.152007
163.88 2877.936166
165.04 2877.723488
166.24 2877.513905
167.42 2877.307354
168.60 2877.103771
169.79 2876.903096
170.97 2876.705267
172.16 2876.510226
173.34 2876.317918
174.52 2876.128285
175.70 2875.941275
176.89 2875.756834
178.07 2875.574911
179.26 2875.395456
180.44 2875.218420
181.63 2875.043754
182.81 2874.871413
184.00 2874.701351
185.19 2874.533523
186.43 2874.367886
187.73 2874.204398
189.02 2874.043018
190.24 2873.883704
191.41 2873.726419
192.57 2873.571122
193.75 2873.417777
194.91 2873.266347
196.06 2873.116795
197.21 2872.969088
198.38 2872.823189
199.57 2872.679067
200.79 2872.536688
201.98 2872.396021
203.15 2872.257033
204.31 2872.119694
205.47 2871.983974
206.62 2871.849845
207.78 2871.717276
208.93 2871.586241
210.08 2871.456712
211.24 2871.328662
212.39 2871.202064
213.54 2871.076893
214.70 2870.953124
215.86 2870.830733
217.01 2870.709694
218.16 2870.589985
219.32 2870.471582
220.47 2870.354462
221.62 2870.238604
222.81 2870.123986
223.99 2870.010587
225.19 2869.898385
226.39 2869.787360
227.61 2869.677492
228.83 2869.568762
230.03 2869.461151
231.19 2869.354638
232.34 2869.249207
233.50 2869.144839
234.65 2869.041516
235.80 2868.939220
236.96 2868.837936
238.11 2868.737645
239.27 2868.638331
240.43 2868.539980
241.59 2868.442573
242.76 2868.346097
243.91 2868.250536
245.08 2868.155875
246.25 2868.062099
247.43 2867.969194
248.60 2867.877146
249.75 2867.785941
250.91 2867.695566
252.07 2867.606007
253.23 2867.517251
254.38 2867.429285
255.54 2867.342097
256.70 2867.255674
257.86 2867.170005
259.02 2867.085077
260.18 2867.000879
261.34 2866.917399
262.49 2866.834626
263.65 2866.752549
264.81 2866.671158
265.97 2866.590441
267.13 2866.510388
268.28 2866.430989
269.44 2866.352234
270.60 2866.274113
271.75 2866.196616
272.91 2866.119735
274.09 2866.043460
275.26 2865.967781
276.45 2865.892690
277.63 2865.818179
278.81 2865.744237
279.99 2865.670859
281.17 2865.598034
282.34 2865.525755
283.49 2865.454014
284.64 2865.382804
285.79 2865.312117
286.94 2865.241945
288.09 2865.172281
289.24 2865.103118
290.40 2865.034449
291.55 2864.966267
292.70 2864.898566
293.86 2864.831338
295.01 2864.764579
296.16 2864.698280
297.32 2864.632436
298.47 2864.567041
299.63 2864.502089
300.78 2864.437573
301.94 2864.373489
303.09 2864.309830
304.24 2864.246592
305.40 2864.183767
306.56 2864.121352
307.72 2864.059341
308.88 2863.997728
310.06 2863.936509
311.26 2863.875678
312.47 2863.815231
313.66 2863.755163
314.86 2863.695469
316.05 2863.636143
317.25 2863.577183
318.44 2863.518582
319.66 2863.460337
321.03 2863.402443
322.23 2863.344896
323.41 2863.287691
324.59 2863.230825
325.76 2863.174293
326.94 2863.118090
328.11 2863.062214
329.28 2863.006659
330.45 2862.951423
331.62 2862.896500
332.79 2862.841888
333.97 2862.787583
335.15 2862.733580
336.32 2862.679876
337.49 2862.626468
338.66 2862.573352
339.83 2862.520525
341.00 2862.467983
342.17 2862.415722
343.33 2862.363739
344.50 2862.312032
345.67 2862.260596
346.84 2862.209429
348.01 2862.158526
349.18 2862.107886
350.34 2862.057505
351.53 2862.007380
352.77 2861.957508
353.97 2861.907886
355.15 2861.858511
356.33 2861.809380
357.51 2861.760491
358.68 2861.711840
359.97 2861.663424
361.23 2861.615242
362.45 2861.567290
363.67 2861.519566
364.88 2861.472066
366.09 2861.424789
367.42 2861.377732
368.67 2861.330892
369.84 2861.284267
371.01 2861.237854
372.18 2861.191651
373.36 2861.145656
374.58 2861.099866
375.77 2861.054278
376.96 2861.008891
378.16 2860.963703
379.36 2860.918710
380.61 2860.873912
381.83 2860.829305
383.02 2860.784887
384.21 2860.740657
385.40 2860.696612
386.60 2860.652750
387.79 2860.609069
388.97 2860.565568
390.15 2860.522244
391.32 2860.479095
392.52 2860.436119
393.73 2860.393314
394.91 2860.350679
396.09 2860.308212
397.28 2860.265910
398.44 2860.223772
399.61 2860.181797
400.77 2860.139982
401.92 2860.098325
403.08 2860.056825
404.24 2860.015481
405.40 2859.974290
406.55 2859.933251
407.70 2859.892362
408.86 2859.851622
410.01 2859.811029
411.16 2859.770582
412.32 2859.730278
413.47 2859.690117
414.63 2859.650096
415.78 2859.610215
416.95 2859.570472
418.11 2859.530865
419.28 2859.491394
420.45 2859.452056
421.62 2859.412850
422.78 2859.373774
423.95 2859.334829
425.11 2859.296011
426.27 2859.257320
427.42 2859.218755
428.57 2859.180313
429.73 2859.141995
430.88 2859.103798
432.04 2859.065721
433.20 2859.027764
434.35 2858.989924
435.50 2858.952201
436.66 2858.914593
437.81 2858.877100
438.97 2858.839720
440.12 2858.802451
441.27 2858.765294
442.43 2858.728246
443.58 2858.691307
444.73 2858.654476
445.88 2858.617750
447.03 2858.581131
448.18 2858.544615
449.34 2858.508203
450.49 2858.471893
451.65 2858.435684
452.80 2858.399575
453.96 2858.363566
455.11 2858.327655
456.26 2858.291841
457.42 2858.256124
458.57 2858.220501
459.73 2858.184974
460.88 2858.149540
462.04 2858.114198
463.19 2858.078948
464.35 2858.043789
465.50 2858.008720
466.65 2857.973740
467.81 2857.938848
468.96 2857.904043
470.11 2857.869325
471.27 2857.834693
472.42 2857.800146
473.57 2857.765682
474.72 2857.731302
475.87 2857.697005
477.03 2857.662789
478.18 2857.628654
479.34 2857.594599
480.49 2857.560623
481.65 2857.526726
482.80 2857.492907
483.95 2857.459166
485.11 2857.425500
486.27 2857.391911
487.42 2857.358397
488.57 2857.324956
489.73 2857.291590
490.88 2857.258297
492.03 2857.225076
493.19 2857.191926
494.34 2857.158848
495.49 2857.125840
496.64 2857.092901
497.80 2857.060032
498.95 2857.027231
500.11 2856.994498
501.26 2856.961832
502.41 2856.929233
503.57 2856.896700
504.72 2856.864232
505.89 2856.831829
507.06 2856.799491
508.36 2856.767216
509.52 2856.735004
510.69 2856.702855
511.87 2856.670768
513.06 2856.638742
514.23 2856.606777
515.42 2856.574873
516.58 2856.543028
517.75 2856.511243
518.94 2856.479516
520.09 2856.447848
521.24 2856.416238
522.40 2856.384685
523.55 2856.353189
524.71 2856.321749
525.86 2856.290365
527.01 2856.259037
528.17 2856.227763
529.36 2856.196544
530.55 2856.165378
531.70 2856.134266
532.86 2856.103208
534.01 2856.072202
535.16 2856.041248
536.33 2856.010345
537.50 2855.979494
538.65 2855.948694
539.81 2855.917945
540.96 2855.887245
542.11 2855.856595
543.27 2855.825994
544.42 2855.795442
545.57 2855.764939
546.72 2855.734483
547.88 2855.704075
549.03 2855.673714
550.19 2855.643401
551.35 2855.613133
552.51 2855.582912
553.67 2855.552736
554.83 2855.522606
555.98 2855.492521
557.14 2855.462480
558.29 2855.432484
559.44 2855.402531
560.60 2855.372622
561.75 2855.342757
562.90 2855.312934
564.06 2855.283153
565.21 2855.253415
566.37 2855.223719
567.52 2855.194065
568.68 2855.164451
569.83 2855.134879
570.98 2855.105347
572.14 2855.075856
573.30 2855.046404
574.46 2855.016992
575.63 2854.987620
576.79 2854.958286
577.96 2854.928992
579.12 2854.899736
580.29 2854.870518
581.45 2854.841338
582.62 2854.812195
583.77 2854.783090
584.93 2854.754022
586.08 2854.724991
587.24 2854.695996
588.39 2854.667038
589.54 2854.638115
590.70 2854.609228
591.85 2854.580377
593.00 2854.551561
594.16 2854.522780
595.33 2854.494033
596.52 2854.465321
597.72 2854.436643
598.88 2854.407999
600.03 2854.379389
601.18 2854.350812
602.34 2854.322269
603.49 2854.293758
604.64 2854.265280
605.80 2854.236835
606.95 2854.208422
608.10 2854.180041
609.26 2854.151692
610.41 2854.123374
611.56 2854.095088
612.72 2854.066833
613.87 2854.038610
615.03 2854.010416
616.18 2853.982254
617.33 2853.954121
618.49 2853.926019
619.64 2853.897947
620.80 2853.869905
621.95 2853.841892
623.10 2853.813908
624.26 2853.785953
625.41 2853.758028
626.56 2853.730131
627.72 2853.702263
628.87 2853.674423
630.03 2853.646611
631.18 2853.618827
632.33 2853.591072
633.48 2853.563343
634.64 2853.535642
635.79 2853.507969
636.95 2853.480323
638.10 2853.452703
639.25 2853.425110
640.41 2853.397544
641.56 2853.370004
642.72 2853.342491
643.87 2853.315004
645.02 2853.287542
646.18 2853.260106
647.33 2853.232696
648.49 2853.205312
649.64 2853.177952
650.79 2853.150618
651.95 2853.123309
653.10 2853.096024
654.26 2853.068764
655.41 2853.041529
656.56 2853.014318
657.72 2852.987132
658.87 2852.959969
660.03 2852.932830
661.18 2852.905716
662.33 2852.878624
663.49 2852.851557
664.64 2852.824512
665.79 2852.797491
666.95 2852.770493
668.10 2852.743518
669.25 2852.716566
670.41 2852.689637
671.56 2852.662730
672.71 2852.635846
673.87 2852.608983
675.03 2852.582144
676.18 2852.555326
677.34 2852.528530
678.51 2852.501756
679.66 2852.475003
680.82 2852.448272
681.97 2852.421563
683.13 2852.394875
684.28 2852.368208
685.43 2852.341562
686.59 2852.314938
687.74 2852.288334
688.90 2852.261751
690.05 2852.235188
691.21 2852.208646
692.36 2852.182125
693.51 2852.155624
694.67 2852.129143
695.82 2852.102682
696.97 2852.076241
698.13 2852.049820
699.28 2852.023419
700.43 2851.997038
701.58 2851.970676
702.74 2851.944333
703.89 2851.918010
705.04 2851.891707
706.20 2851.865422
707.35 2851.839156
708.50 2851.812910
709.66 2851.786682
710.81 2851.760474
711.96 2851.734284
713.12 2851.708112
714.28 2851.681959
715.43 2851.655825
716.58 2851.629709
717.74 2851.603611
718.89 2851.577531
720.04 2851.551470
721.20 2851.525426
722.35 2851.499400
723.50 2851.473392
724.66 2851.447402
725.81 2851.421430
726.96 2851.395475
728.12 2851.369537
729.27 2851.343617
730.42 2851.317714
731.57 2851.291829
732.73 2851.265961
733.88 2851.240109
735.03 2851.214275
736.19 2851.188458
737.34 2851.162658
738.49 2851.136874
739.65 2851.111107
740.80 2851.085357
741.95 2851.059623
743.11 2851.033906
744.26 2851.008205
745.41 2850.982520
746.57 2850.956852
747.72 2850.931200
748.87 2850.905564
750.03 2850.879944
751.18 2850.854341
752.33 2850.828753
753.49 2850.803181
754.64 2850.777624
755.80 2850.752084
756.95 2850.726559
758.10 2850.701049
759.26 2850.675556
760.41 2850.650077
761.56 2850.624614
762.72 2850.599167
763.87 2850.573735
765.02 2850.548318
766.18 2850.522916
767.33 2850.497529
768.48 2850.472157
769.64 2850.446800
770.79 2850.421458
771.94 2850.396131
773.10 2850.370819
774.25 2850.345521
775.41 2850.320238
776.56 2850.294970
777.72 2850.269717
778.87 2850.244477
780.02 2850.219253
781.18 2850.194042
782.33 2850.168847
783.48 2850.143665
784.64 2850.118498
785.79 2850.093344
786.95 2850.068205
788.10 2850.043080
789.25 2850.017969
790.41 2849.992873
791.56 2849.967790
792.72 2849.942720
793.87 2849.917665
795.03 2849.892624
796.18 2849.867596
797.33 2849.842582
798.49 2849.817581
799.64 2849.792595
800.80 2849.767621
801.95 2849.742661
803.10 2849.717715
804.26 2849.692782
805.41 2849.667863
806.57 2849.642956
807.72 2849.618063
808.87 2849.593184
810.03 2849.568317
811.19 2849.543464
812.35 2849.518623
813.51 2849.493796
814.66 2849.468982
815.81 2849.444180
816.97 2849.419392
818.12 2849.394617
819.28 2849.369854
820.44 2849.345104
821.62 2849.320367
822.80 2849.295643
823.97 2849.270931
825.14 2849.246232
826.30 2849.221545
827.45 2849.196871
828.60 2849.172210
829.76 2849.147561
830.92 2849.122925
832.09 2849.098301
833.25 2849.073689
834.40 2849.049090
835.57 2849.024503
836.72 2848.999928
837.90 2848.975365
839.07 2848.950815
840.25 2848.926277
841.42 2848.901751
842.58 2848.877237
843.73 2848.852735
844.89 2848.828245
846.04 2848.803767
847.20 2848.779301
848.36 2848.754847
849.53 2848.730405
850.69 2848.705974
851.85 2848.681556
853.01 2848.657149
854.16 2848.632754
855.32 2848.608371
856.47 2848.583999
857.62 2848.559639
858.78 2848.535291
859.93 2848.510954
861.08 2848.486629
862.24 2848.462315
863.39 2848.438013
864.55 2848.413722
865.71 2848.389443
866.87 2848.365175
868.04 2848.340919
869.19 2848.316674
870.35 2848.292440
871.50 2848.268217
872.65 2848.244006
873.81 2848.219806
874.96 2848.195617
876.12 2848.171440
877.27 2848.147273
878.42 2848.123118
879.58 2848.098973
880.73 2848.074840
881.88 2848.050718
883.04 2848.026607
884.19 2848.002507
885.34 2847.978417
886.50 2847.954339
887.65 2847.930272
888.82 2847.906215
889.99 2847.882170
891.15 2847.858135
892.32 2847.834111
893.48 2847.810098
894.64 2847.786095
895.81 2847.762104
896.97 2847.738123
898.12 2847.714152
899.27 2847.690193
900.43 2847.666244
901.58 2847.642305
902.73 2847.618378
903.89 2847.594460
905.05 2847.570554
906.21 2847.546657
907.37 2847.522772
908.53 2847.498896
909.70 2847.475032
910.86 2847.451177
912.03 2847.427333
913.19 2847.403500
914.35 2847.379677
915.51 2847.355864
916.66 2847.332061
917.82 2847.308269
918.98 2847.284487
920.14 2847.260716
921.30 2847.236954
922.47 2847.213203
923.63 2847.189462
924.79 2847.165731
925.95 2847.142010
927.10 2847.118300
928.26 2847.094599
929.43 2847.070909
930.58 2847.047229
931.74 2847.023558
932.89 2846.999898
934.04 2846.976248
935.20 2846.952608
936.36 2846.928977
937.53 2846.905357
938.70 2846.881747
939.88 2846.858146
941.08 2846.834556
942.27 2846.810975
943.46 2846.787404
944.64 2846.763844
945.81 2846.740292
946.98 2846.716751
948.15 2846.693220
949.32 2846.669698
950.49 2846.646186
951.66 2846.622684
952.83 2846.599191
954.01 2846.575708
955.16 2846.552235
956.32 2846.528772
957.48 2846.505318
958.64 2846.481874
959.79 2846.458439
960.94 2846.435014
962.10 2846.411599
963.26 2846.388193
964.41 2846.364797
965.56 2846.341410
966.72 2846.318033
967.87 2846.294666
969.02 2846.271307
970.18 2846.247959
971.34 2846.224619
972.49 2846.201290
973.68 2846.177969
974.91 2846.154658
976.14 2846.131357
977.36 2846.108065
978.59 2846.084782
979.82 2846.061508
981.06 2846.038244
982.26 2846.014989
983.42 2845.991744
984.58 2845.968508
985.74 2845.945281
986.91 2845.922063
988.07 2845.898855
989.23 2845.875656
990.37 2845.852466
991.53 2845.829285
992.68 2845.806113
993.83 2845.782951
994.99 2845.759798
996.14 2845.736654
997.29 2845.713519
998.45 2845.690393
999.60 2845.667276
1000.76 2845.644169
1001.91 2845.621070
1003.07 2845.597981
1004.22 2845.574901
1005.38 2845.551829
1006.53 2845.528767
1007.75 2845.505714
1008.91 2845.482670
1010.07 2845.459634
1011.23 2845.436608
1012.38 2845.413591
1013.53 2845.390583
1014.69 2845.367583
1015.84 2845.344593
1017.00 2845.321611
1018.15 2845.298639
1019.30 2845.275675
1020.46 2845.252720
1021.60 2845.229774
1022.76 2845.206837
1023.91 2845.183909
1025.06 2845.160989
1026.21 2845.138079
1027.36 2845.115177
1028.51 2845.092284
1029.66 2845.069400
1030.81 2845.046525
1031.96 2845.023658
1033.10 2845.000800
1034.25 2844.977951
1035.40 2844.955111
1036.55 2844.932279
1037.71 2844.909456
1038.86 2844.886642
1040.01 2844.863836
1041.16 2844.841039
1042.31 2844.818251
1043.47 2844.795472
1044.62 2844.772701
1045.78 2844.749939
1046.93 2844.727185
1048.09 2844.704440
1049.24 2844.681704
1050.39 2844.658976
1051.55 2844.636257
1052.70 2844.613546
1053.86 2844.590844
1055.01 2844.568151
1056.16 2844.545466
1057.31 2844.522789
1058.47 2844.500121
1059.62 2844.477462
1060.78 2844.454811
1061.93 2844.432169
1063.08 2844.409535
1064.24 2844.386910
1065.39 2844.364293
1066.55 2844.341684
1067.70 2844.319084
1068.86 2844.296493
1070.01 2844.273910
1071.17 2844.251335
1072.31 2844.228769
1073.47 2844.206211
1074.62 2844.183661
1075.77 2844.161120
1076.93 2844.138587
1078.08 2844.116063
1079.24 2844.093547
1080.39 2844.071039
1081.55 2844.048540
1082.70 2844.026049
1083.86 2844.003566
1085.01 2843.981092
1086.17 2843.958626
1087.32 2843.936168
1088.48 2843.913719
1089.62 2843.891278
1090.77 2843.868845
1091.92 2843.846420
1093.07 2843.824004
1094.22 2843.801596
1095.37 2843.779196
1096.52 2843.756804
1097.67 2843.734421
1098.82 2843.712045
1099.97 2843.689678
1101.12 2843.667319
1102.26 2843.644969
1103.41 2843.622626
1104.57 2843.600292
1105.72 2843.577966
1106.88 2843.555648
1108.02 2843.533338
1109.18 2843.511037
1110.33 2843.488743
1111.49 2843.466458
1112.64 2843.444180
1113.79 2843.421911
1114.95 2843.399650
1116.10 2843.377397
1117.26 2843.355152
1118.41 2843.332916
1119.56 2843.310687
1120.72 2843.288466
1121.87 2843.266254
1123.02 2843.244049
1124.17 2843.221853
1125.32 2843.199664
1126.48 2843.177484
1127.63 2843.155311
1128.79 2843.133147
1129.94 2843.110991
1131.10 2843.088842
1132.25 2843.066702
1133.41 2843.044569
1134.56 2843.022445
1135.72 2843.000329
1136.87 2842.978220
1138.03 2842.956120
1139.18 2842.934027
1140.33 2842.911942
1141.48 2842.889866
1142.63 2842.867797
1143.79 2842.845736
1144.94 2842.823683
1146.10 2842.801638
1147.25 2842.779601
1148.41 2842.757572
1149.56 2842.735551
1150.72 2842.713537
1151.87 2842.691532
1153.02 2842.669534
1154.18 2842.647545
1155.33 2842.625563
1156.49 2842.603589
1157.63 2842.581622
1158.79 2842.559664
1159.94 2842.537714
1161.10 2842.515771
1162.25 2842.493836
